NAME : test.18655474.tour
COMMENT : Length = 18655474
COMMENT : Found by LKH [Keld Helsgaun] Sun Jan 22 21:14:19 2023
TYPE : TOUR
DIMENSION : 16512
TOUR_SECTION
1
16511
16510
16509
16508
16507
16506
16505
16504
16503
16502
16501
16500
16499
16498
16497
16369
16241
16370
16371
16372
16373
16374
16375
16376
16377
16378
16379
16380
16381
16382
16383
16384
16256
16255
16254
16253
16252
16251
16250
16122
15994
15866
15738
15610
15482
15354
15226
15225
15224
15352
15353
15481
15480
15608
15609
15737
15736
15864
15865
15993
16121
16249
16248
16120
15992
15991
15863
15735
15607
15479
15351
15223
15222
15350
15478
15606
15734
15862
15990
16118
16119
16247
16246
16245
16117
15989
15861
15733
15605
15477
15349
15221
15093
15094
15095
15096
15097
15098
14970
14842
14843
14844
14845
14973
14972
14971
15099
15100
15101
15102
15103
15231
15359
15487
15615
15743
15871
15999
15998
15997
15996
15868
15869
15870
15742
15741
15740
15612
15613
15614
15486
15485
15484
15356
15357
15358
15230
15229
15228
15227
15355
15483
15611
15739
15867
15995
16123
16124
16125
16126
16127
16128
16000
15872
15744
15616
15488
15360
15232
15104
14976
14975
14974
14846
14847
14848
14720
14719
14591
14592
14464
14336
14208
14080
13952
13951
13950
13949
13948
13947
13946
13945
13944
13943
13815
13816
13817
13818
13819
13820
13821
13822
13823
13824
13696
13695
13694
13693
13692
13691
13690
13689
13688
13687
13559
13560
13561
13562
13563
13564
13565
13566
13567
13568
13440
13439
13311
13312
13184
13183
13182
13053
13181
13309
13310
13438
13437
13436
13435
13434
13433
13432
13431
13303
13304
13305
13306
13307
13308
13180
13179
13178
13177
13176
13175
13174
13302
13430
13558
13686
13814
13942
14070
14071
14072
14073
14074
14075
14203
14202
14201
14200
14199
14198
14326
14327
14328
14329
14330
14331
14332
14333
14334
14206
14205
14204
14076
14077
14078
14079
14207
14335
14463
14462
14461
14460
14459
14458
14457
14456
14455
14454
14582
14710
14838
14839
14840
14712
14711
14583
14584
14585
14586
14587
14588
14589
14590
14718
14717
14716
14715
14714
14713
14841
14969
14968
14967
14966
14965
14837
14709
14581
14453
14325
14197
14069
13941
13813
13685
13557
13429
13301
13173
13045
12917
12789
12661
12660
12788
12916
13044
13172
13300
13428
13556
13684
13812
13940
14068
14196
14324
14452
14580
14708
14836
14964
15092
15220
15348
15476
15604
15732
15860
15988
16116
16244
16243
16242
16113
15985
15857
15729
15601
15473
15345
15217
15089
14961
14833
14705
14577
14449
14321
14193
14065
13937
13809
13681
13553
13425
13297
13169
13041
12913
12785
12657
12529
12530
12658
12786
12914
13042
13170
13298
13426
13554
13682
13810
13938
14066
14194
14322
14450
14578
14706
14834
14962
15090
15218
15346
15474
15602
15730
15858
15986
16114
16115
15987
15859
15731
15603
15475
15347
15219
15091
14963
14835
14707
14579
14451
14323
14195
14067
13939
13811
13683
13555
13427
13299
13171
13043
12915
12787
12659
12531
12532
12533
12534
12662
12790
12918
13046
13047
13048
13049
13050
13051
13052
12924
12796
12668
12540
12412
12284
12156
12028
11900
11771
11772
11770
11897
11896
11895
11894
11893
11892
11891
11890
11889
11761
11633
11634
11762
11763
11764
11765
11766
11767
11768
11769
11643
11644
11642
11641
11640
11639
11638
11637
11636
11635
11507
11508
11509
11381
11380
11379
11251
11123
10995
10867
10739
10740
10868
10996
11124
11252
11253
11254
11255
11256
11257
11258
11259
11131
11003
10875
10874
10873
10872
10871
10870
10998
10999
11000
11001
11002
11130
11129
11128
11127
11126
11125
10997
10869
10741
10742
10743
10744
10745
10746
10747
10748
10749
10750
10751
10879
11007
11135
11263
11391
11519
11647
11775
11903
12031
12159
12287
12415
12543
12542
12414
12286
12158
12030
11902
11774
11646
11518
11390
11262
11134
11133
11005
11006
10878
10877
10876
11004
11132
11260
11261
11389
11517
11388
11387
11386
11385
11384
11383
11382
11510
11511
11512
11513
11514
11515
11516
11645
11773
11901
12029
12157
12285
12413
12541
12669
12797
12925
13054
13055
13056
12926
12927
12928
12800
12799
12798
12670
12671
12672
12544
12416
12288
12160
12032
11904
11776
11648
11520
11392
11264
11136
11008
10880
10752
10624
10623
10622
10621
10620
10619
10618
10617
10616
10615
10614
10613
10612
10611
10610
10609
10608
10736
10864
10865
10737
10738
10866
10994
11122
11250
11378
11506
11505
11377
11249
11121
10993
10992
11120
11248
11247
11119
10991
10863
10735
10607
10479
10480
10481
10482
10483
10484
10485
10486
10487
10488
10489
10490
10491
10492
10493
10494
10495
10496
10368
10367
10366
10365
10364
10363
10362
10361
10360
10359
10358
10357
10356
10355
10354
10353
10352
10351
10350
10349
10477
10478
10606
10605
10604
10476
10348
10220
10221
10222
10223
10224
10225
10226
10227
10228
10229
10230
10231
10232
10233
10234
10235
10236
10237
10238
10239
10240
10112
10111
10110
10109
10108
10107
10106
10105
10104
10103
10102
10101
10100
10099
10098
10097
10096
10095
9966
9837
9836
9835
9834
9833
9832
9831
9830
9829
9828
9956
9957
9958
9959
9960
9961
9962
9963
9964
9965
10094
10093
10092
10091
10090
10089
10088
10087
10086
10085
10084
10212
10213
10214
10215
10216
10217
10218
10219
10347
10475
10603
10731
10732
10733
10734
10862
10861
10860
10859
10987
11115
11243
11244
11245
11117
11116
10988
10989
10990
11118
11246
11374
11502
11630
11758
11886
12014
12015
11887
11759
11631
11503
11375
11376
11504
11632
11760
11888
12016
12017
12018
12019
12020
12021
12022
12023
12024
12025
12026
11898
11899
12027
12155
12283
12411
12539
12667
12795
12923
12922
12794
12666
12538
12410
12409
12537
12665
12664
12792
12793
12921
12920
12919
12791
12663
12535
12536
12408
12280
12281
12282
12154
12153
12152
12151
12150
12149
12148
12147
12146
12145
12144
12143
12142
12141
12013
11885
11757
11629
11501
11373
11372
11371
11370
11369
11368
11367
11366
11494
11493
11365
11237
11238
11239
11240
11241
11242
11114
10986
10858
10730
10602
10474
10346
10345
10344
10343
10342
10341
10340
10339
10211
10083
9955
9827
9699
9700
9701
9702
9703
9704
9705
9706
9707
9708
9709
9710
9838
9967
9968
9969
9970
9971
9972
9973
9974
9975
9976
9977
9978
9979
9980
9981
9982
9983
9984
9856
9855
9854
9853
9852
9851
9850
9849
9848
9847
9846
9845
9844
9843
9842
9841
9840
9839
9711
9712
9713
9714
9715
9716
9717
9589
9588
9587
9459
9460
9461
9462
9463
9464
9592
9591
9590
9718
9719
9720
9721
9722
9723
9724
9725
9726
9727
9728
9600
9599
9598
9597
9596
9595
9594
9593
9465
9466
9467
9468
9469
9470
9471
9472
9344
9343
9342
9341
9340
9339
9338
9337
9336
9335
9334
9333
9332
9331
9330
9201
9329
9328
9456
9457
9458
9586
9585
9584
9583
9455
9327
9326
9325
9324
9323
9322
9321
9320
9192
9193
9194
9195
9196
9197
9198
9199
9200
9072
8944
8816
8688
8561
8689
8562
8435
8308
8181
8054
7927
7928
7929
8057
8185
8184
8056
8055
8183
8182
8310
8309
8436
8437
8565
8564
8563
8690
8817
8945
9073
9202
9203
9204
9205
9206
9207
9208
9209
9210
9211
9212
9213
9214
9215
9216
9086
9085
9084
9083
9082
9081
9080
9079
9078
9077
9076
8948
8949
8950
8822
8821
8820
8819
8947
9075
9074
8946
8818
8691
8692
8693
8694
8695
8696
8568
8567
8566
8438
8439
8311
8312
8313
8440
8441
8569
8697
8825
8824
8823
8951
8952
8953
8954
8955
8956
8957
8958
9087
9088
8959
8960
8832
8704
8703
8831
8830
8702
8574
8575
8576
8448
8447
8446
8445
8444
8316
8188
8060
7932
7804
7676
7549
7677
7805
7933
8061
8189
8317
8318
8319
8320
8192
8191
8190
8062
8063
8064
7936
7808
7680
7552
7424
7296
7423
7551
7679
7807
7935
7934
7806
7678
7550
7422
7295
7168
7040
7167
7294
7421
7548
7675
7803
7931
8059
8187
8315
8443
8571
8572
8573
8701
8829
8828
8700
8699
8827
8826
8698
8570
8442
8314
8186
8058
7930
7802
7801
7800
7673
7674
7547
7420
7293
7166
7039
6912
6911
6910
7038
7165
7292
7419
7546
7545
7417
7418
7290
7291
7163
7164
7036
7037
6909
6908
6780
6781
6782
6783
6784
6656
6655
6654
6526
6527
6528
6400
6272
6271
6399
6398
6397
6396
6395
6394
6522
6521
6648
6649
6650
6523
6524
6525
6653
6652
6651
6779
6778
6777
6776
6775
6774
6773
6772
6900
6901
6902
6903
6904
6905
6906
6907
7035
7034
7162
7289
7161
7033
7032
7031
7030
7029
7028
6899
7027
7026
7025
7153
7154
7155
7156
7157
7158
7159
7160
7288
7416
7415
7287
7286
7285
7284
7283
7282
7281
7280
7279
7151
7152
7024
7023
7022
7021
7020
7019
6891
6892
6893
6894
6895
6896
6897
6898
6771
6644
6517
6390
6263
6136
6009
5882
5755
5883
6010
6137
6264
6391
6518
6645
6646
6647
6519
6520
6392
6393
6265
6266
6138
6267
6268
6269
6270
6142
6143
6144
6016
6015
6014
6013
6141
6140
6139
6011
6012
5884
5756
5629
5757
5885
5886
5887
5888
5760
5759
5758
5630
5631
5632
5504
5503
5502
5501
5628
5500
5372
5373
5374
5375
5376
5248
5247
5246
5245
5244
5115
5116
5117
5118
5119
5120
4992
4991
4990
4989
4988
4987
4859
4860
4861
4862
4863
4864
4736
4735
4734
4733
4732
4731
4730
4602
4603
4604
4605
4606
4607
4608
4480
4479
4478
4477
4476
4475
4474
4346
4347
4348
4349
4350
4351
4352
4224
4223
4222
4221
4220
4092
4093
4094
4095
4096
3968
3840
3839
3967
3966
3838
3837
3965
3964
3836
3708
3709
3710
3711
3712
3584
3583
3582
3581
3580
3579
3707
3835
3963
4091
4219
4218
4090
3962
3834
3706
3578
3451
3452
3453
3454
3455
3456
3328
3327
3326
3325
3324
3197
3198
3199
3200
3072
3071
2944
2816
2943
3070
3196
3323
3450
3577
3705
3833
3961
4089
4217
4345
4473
4601
4729
4858
4986
4857
4985
5114
5243
5242
5370
5371
5499
5627
5754
5626
5498
5497
5496
5495
5367
5239
5240
5368
5369
5241
5113
5112
5111
5110
5109
4981
4982
4983
4984
4856
4728
4600
4472
4344
4216
4088
3960
3832
3704
3576
3449
3322
3195
3068
3069
2942
2815
2688
2560
2431
2301
2174
2302
2429
2430
2559
2687
2814
2941
2811
2683
2810
2938
3065
3192
3318
3317
3316
3315
3187
3059
3058
3057
3185
3186
3314
3313
3312
3184
3056
2929
2930
2931
2932
2804
2803
2802
2675
2548
2420
2292
2291
2290
2417
2544
2671
2798
2927
2799
2800
2672
2673
2545
2546
2418
2419
2547
2674
2801
2928
3055
3183
3311
3439
3440
3441
3442
3443
3444
3445
3319
3446
3572
3699
3827
3828
3700
3573
3701
3829
3830
3958
4086
4214
4342
4470
4469
4341
4213
4085
3957
3956
4084
4212
4340
4468
4467
4339
4211
4083
3955
3826
3698
3571
3570
3569
3697
3825
3824
3823
3822
3821
3820
3819
3818
3817
3816
3815
3814
3813
3812
3811
3810
3809
3681
3682
3683
3684
3685
3686
3687
3688
3689
3690
3691
3692
3693
3694
3695
3696
3568
3567
3566
3565
3564
3563
3562
3561
3560
3559
3558
3557
3556
3555
3554
3553
3425
3297
3298
3426
3427
3299
3300
3428
3429
3301
3302
3430
3431
3303
3304
3432
3433
3434
3435
3436
3437
3438
3310
3182
3054
2926
2925
3052
3053
3181
3309
3308
3180
3179
3307
3306
3305
3178
3177
3051
2924
2923
2922
2921
2793
2794
2795
2667
2666
2665
2664
2663
2662
2661
2533
2405
2277
2149
2148
2275
2276
2404
2532
2660
2788
2789
2790
2791
2792
2920
2919
2918
2917
2916
2915
2787
2659
2531
2403
2402
2530
2658
2786
2914
2913
2785
2657
2529
2401
2528
2656
2784
2912
3040
3041
3042
3043
3044
3045
3046
3047
3048
3049
3050
3176
3175
3174
3173
3172
3171
3170
3169
3168
3296
3424
3551
3552
3680
3808
3807
3679
3678
3677
3676
3675
3674
3673
3672
3800
3801
3802
3803
3804
3805
3806
3934
3933
4061
4060
3932
3931
3930
3929
3928
3927
4054
4055
4056
4057
4058
4059
4187
4188
4189
4190
4191
4192
4193
4194
4195
4196
4197
4198
4199
4200
4072
4071
4070
4069
4068
4067
4066
4065
4064
4063
4062
3935
3936
3937
3938
3939
3940
3941
3942
3943
3944
3945
3946
3947
3948
4076
4204
4332
4331
4203
4075
4074
4073
4201
4202
4330
4329
4457
4585
4713
4714
4715
4716
4588
4587
4586
4458
4459
4460
4461
4333
4205
4077
3949
3950
4078
4206
4334
4462
4590
4589
4717
4718
4846
4974
5102
5101
5100
5099
5098
5097
5096
5095
5094
5093
5092
5091
5090
5089
5088
4960
4961
4962
4963
4964
4965
4966
4967
4968
4969
4970
4971
4972
4973
4845
4844
4843
4842
4841
4840
4839
4838
4837
4836
4835
4834
4833
4832
4704
4705
4706
4707
4708
4709
4710
4711
4712
4584
4456
4328
4327
4326
4325
4324
4323
4322
4321
4320
4319
4318
4317
4316
4315
4314
4186
4185
4313
4312
4184
4183
4182
4181
4307
4434
4433
4306
4305
4177
4178
4179
4180
4053
4052
3924
3925
3926
3798
3799
3671
3670
3797
3796
3795
3667
3668
3669
3541
3540
3539
3538
3537
3536
3535
3534
3533
3532
3531
3530
3529
3528
3527
3399
3271
3270
3398
3526
3525
3524
3523
3522
3520
3392
3264
3263
3135
3262
3261
3260
3259
3258
3257
3129
3128
3127
3126
3125
3124
3252
3251
3379
3507
3635
3763
3764
3636
3637
3509
3508
3380
3381
3253
3254
3255
3256
3385
3513
3641
3640
3512
3384
3383
3382
3510
3511
3639
3638
3766
3765
3767
3768
3769
3897
3896
3895
3894
3893
3892
4020
4148
4147
4275
4403
4402
4274
4146
4018
4019
3891
3890
3889
3888
3887
3886
4013
4141
4269
4270
4142
4014
4015
4016
4017
4145
4144
4143
4271
4272
4273
4401
4400
4399
4398
4397
4396
4395
4394
4266
4138
4010
4009
4137
4265
4393
4392
4264
4136
4135
4134
4133
4005
4006
3877
3749
3621
3620
3619
3491
3492
3493
3494
3622
3495
3496
3497
3369
3241
3242
3243
3371
3370
3498
3626
3625
3753
3752
3624
3623
3751
3750
3878
3879
4007
4008
3880
3881
3882
3754
3755
3883
4011
4139
4267
4268
4140
4012
3884
3756
3885
3757
3758
3759
3760
3761
3762
3634
3633
3632
3631
3630
3629
3628
3627
3499
3500
3372
3501
3502
3503
3504
3505
3506
3378
3250
3377
3376
3375
3374
3373
3245
3246
3247
3248
3249
3121
3120
2992
2864
2993
3122
3123
2994
2866
2865
2737
2736
2735
2734
2733
2732
2604
2605
2606
2607
2608
2609
2481
2480
2479
2478
2477
2476
2475
2603
2731
2859
2858
2730
2602
2474
2346
2345
2217
2218
2090
2089
2088
2087
1959
1960
1832
1831
1830
1829
1828
1956
1957
1958
2086
2085
2084
2083
1955
1827
1826
1825
1824
1823
1822
1950
1951
1952
1953
1954
2082
2081
2080
2079
2078
2206
2207
2208
2209
2210
2211
2212
2213
2214
2215
2216
2344
2343
2342
2341
2340
2339
2338
2337
2336
2335
2334
2333
2205
2204
2203
2202
2201
2200
2199
2198
2197
2196
2195
2194
2193
2192
2191
2190
2062
2063
2064
2065
2066
2067
2068
1940
1941
2069
2070
2071
2072
2073
2074
2075
2076
2077
1949
1948
1947
1819
1820
1821
1693
1692
1691
1690
1689
1817
1818
1946
1945
1944
1816
1815
1943
1942
1814
1813
1812
1811
1939
1938
1810
1809
1937
1936
1935
1934
1806
1805
1804
1803
1931
1932
1933
2061
2060
2059
2058
2057
2056
2055
2054
2053
2052
2051
1923
1924
1925
1926
1798
1797
1796
1795
1667
1668
1669
1670
1671
1672
1800
1799
1927
1928
1929
1930
1802
1801
1673
1674
1675
1676
1677
1678
1679
1807
1808
1680
1681
1682
1683
1684
1685
1686
1687
1688
1560
1561
1562
1563
1564
1565
1566
1694
1695
1696
1697
1698
1699
1700
1701
1702
1703
1704
1705
1833
1961
1962
1834
1835
1963
2091
2219
2347
2348
2349
2350
2351
2222
2094
1966
1967
2095
2223
2224
2352
2353
2225
2097
2096
1968
1969
1841
1840
1839
1838
1837
1965
2093
2221
2220
2092
1964
1836
1708
1709
1710
1711
1712
1713
1714
1715
1716
1717
1845
1844
1972
1973
2101
2100
2228
2356
2484
2612
2613
2485
2486
2614
2742
2870
2869
2741
2740
2611
2483
2355
2227
2099
1971
1843
1842
1970
2098
2226
2354
2482
2610
2738
2739
2867
2995
2996
2868
2997
2998
2999
2871
2743
2615
2487
2359
2358
2357
2229
2230
2102
1974
1846
1718
1590
1589
1588
1587
1586
1585
1584
1583
1582
1581
1580
1579
1707
1706
1578
1577
1576
1575
1574
1573
1572
1571
1570
1569
1568
1567
1439
1311
1312
1440
1441
1313
1185
1186
1187
1059
1058
1057
929
801
802
930
931
803
675
674
546
547
548
676
677
678
679
551
552
680
681
809
937
938
939
811
810
682
683
684
812
940
941
813
685
557
558
686
814
942
1070
1069
1068
1067
1066
1194
1193
1065
1064
1063
935
936
808
807
806
934
933
805
804
932
1060
1061
1062
1190
1191
1192
1320
1319
1318
1317
1189
1188
1316
1315
1314
1442
1443
1444
1445
1446
1447
1448
1449
1321
1322
1450
1451
1452
1453
1325
1324
1323
1195
1196
1197
1198
1326
1454
1455
1327
1328
1456
1457
1458
1459
1460
1461
1462
1463
1591
1592
1464
1336
1335
1207
1208
1209
1081
1082
1083
955
827
826
954
953
825
697
569
570
698
699
571
572
444
443
442
441
440
439
438
566
567
568
696
695
694
822
950
951
823
824
952
1080
1079
1078
1206
1334
1333
1205
1204
1332
1331
1330
1329
1201
1200
1199
1071
1072
1073
1074
1202
1203
1075
1076
1077
949
948
820
821
693
565
437
436
564
692
691
690
818
819
947
946
945
817
816
944
943
815
687
688
689
561
562
563
435
434
433
432
560
559
431
430
429
428
556
555
427
426
554
553
425
424
423
422
550
549
421
420
419
418
417
416
415
414
413
541
540
412
411
539
538
410
409
537
536
408
407
406
534
535
663
664
665
793
921
922
794
666
667
795
923
1051
1050
1049
1177
1178
1179
1307
1308
1309
1181
1180
1052
1053
1054
926
798
797
925
924
796
668
669
670
542
543
544
545
673
672
671
799
800
928
927
1055
1056
1184
1183
1182
1310
1438
1437
1436
1435
1434
1306
1305
1433
1432
1304
1176
1175
1303
1431
1559
1558
1557
1556
1555
1554
1553
1552
1551
1550
1549
1548
1547
1546
1545
1544
1543
1542
1541
1540
1539
1411
1412
1413
1414
1286
1285
1157
1156
1284
1283
1155
1027
899
771
643
515
387
388
389
390
391
392
393
521
522
394
395
396
524
523
651
650
649
777
905
906
778
779
907
1035
1034
1033
1032
1031
903
904
776
775
647
648
520
519
518
517
516
644
645
646
774
902
901
773
772
900
1028
1029
1030
1158
1159
1160
1288
1287
1415
1416
1417
1418
1290
1289
1161
1162
1163
1291
1419
1420
1292
1293
1421
1422
1423
1424
1425
1426
1427
1299
1298
1170
1169
1297
1296
1295
1294
1166
1165
1164
1036
1037
1038
910
782
781
909
908
780
652
653
654
526
525
397
398
399
527
528
400
401
402
403
531
530
529
657
656
655
783
784
912
911
1039
1167
1168
1040
1041
1042
914
913
785
786
658
659
787
915
916
788
789
917
1045
1044
1043
1171
1172
1173
1301
1300
1428
1429
1430
1302
1174
1046
1047
1048
920
792
791
919
918
790
662
661
660
532
533
405
404
276
277
278
279
280
281
282
283
284
285
286
287
288
289
290
291
292
293
294
295
296
297
298
299
300
301
302
303
304
305
306
307
308
309
310
311
312
313
314
315
316
317
318
319
320
321
322
323
324
325
326
327
455
454
453
452
451
450
449
448
576
575
447
446
445
573
574
702
701
700
828
956
957
829
830
958
1086
1085
1084
1212
1213
1214
1342
1341
1340
1339
1211
1210
1338
1337
1465
1466
1594
1593
1721
1849
1722
1850
1978
1977
1976
1848
1720
1719
1847
1975
2103
2104
2232
2231
2360
2488
2616
2744
2872
3000
3001
2873
2745
2617
2489
2361
2233
2105
2106
2234
2362
2363
2364
2365
2366
2367
2495
2494
2493
2492
2491
2490
2618
2746
2874
3002
3130
3131
3132
3133
3134
3006
3007
2879
2878
2750
2749
2748
2876
2877
3005
3004
3003
2875
2747
2619
2620
2621
2622
2623
2751
2752
2624
2625
2497
2496
2368
2240
2239
2238
2237
2236
2235
2107
1979
1851
1723
1724
1852
1980
2108
2109
1981
1853
1725
1597
1596
1595
1467
1468
1469
1470
1598
1726
1854
1982
2110
2111
2112
2113
2241
2369
2370
2371
2372
2373
2245
2244
2243
2242
2114
2115
1987
1988
2116
2117
1989
1861
1860
1732
1604
1476
1348
1220
1093
1094
1095
1096
1097
1098
1099
1100
1101
1102
1103
1104
1105
1106
1107
1234
1361
1488
1616
1744
1743
1742
1741
1740
1739
1738
1737
1736
1735
1734
1606
1478
1350
1351
1352
1353
1354
1355
1356
1357
1358
1486
1485
1484
1483
1482
1481
1480
1479
1607
1608
1609
1610
1611
1612
1613
1614
1615
1487
1359
1360
1232
1233
1231
1230
1229
1228
1227
1226
1225
1224
1223
1222
1221
1349
1477
1605
1733
1862
1863
1864
1865
1866
1867
1868
1869
1870
1871
1872
2001
1873
1745
1746
1619
1492
1364
1363
1491
1490
1618
1617
1489
1362
1235
1236
1237
1365
1493
1494
1495
1496
1497
1498
1624
1623
1622
1621
1620
1747
1874
2002
2003
2004
2005
2006
2007
2008
1881
1882
1883
1884
2012
2011
2139
2140
2141
2142
2143
2269
2397
2396
2268
2267
2395
2394
2266
2138
2010
2009
2137
2265
2393
2521
2522
2523
2524
2525
2526
2527
2655
2654
2782
2783
2911
2910
2909
3037
3038
3039
3167
3295
3423
3550
3549
3422
3294
3166
3165
3293
3421
3548
3547
3546
3545
3544
3543
3542
3414
3413
3412
3411
3410
3409
3408
3407
3406
3405
3404
3403
3402
3401
3400
3272
3144
3143
3142
3014
3015
3016
2888
2889
3017
3145
3273
3274
3275
3276
3277
3278
3279
3280
3281
3282
3283
3284
3285
3286
3287
3415
3416
3417
3418
3419
3420
3292
3291
3290
3162
3161
3289
3288
3160
3032
2904
2776
2777
2905
3033
3034
3035
3163
3164
3036
2908
2907
2906
2778
2779
2780
2781
2653
2652
2651
2650
2649
2648
2647
2646
2645
2517
2518
2519
2520
2392
2264
2136
2135
2134
2133
2132
2131
2130
2258
2259
2260
2261
2262
2263
2391
2390
2389
2388
2387
2515
2516
2644
2643
2642
2514
2386
2385
2384
2256
2257
2129
2128
2000
1999
2127
2255
2383
2511
2512
2513
2641
2640
2639
2767
2768
2769
2770
2771
2772
2773
2774
2775
2903
3031
3159
3158
3030
2902
2901
2900
2899
2898
2897
2896
2895
3023
3024
3025
3026
3027
3028
3029
3157
3156
3155
3154
3153
3152
3151
3150
3149
3148
3147
3146
3018
2890
2891
3019
3020
3021
3022
2894
2766
2765
2893
2892
2764
2763
2762
2761
2633
2634
2506
2507
2635
2636
2637
2638
2510
2509
2508
2380
2381
2382
2254
2253
2252
2251
2379
2378
2250
2249
2248
2247
2119
2120
2121
2122
2123
2124
2125
2126
1998
1997
1996
1995
1994
1993
1992
1991
1990
2118
2246
2374
2375
2376
2377
2505
2504
2503
2502
2501
2500
2499
2498
2626
2627
2628
2629
2630
2631
2632
2760
2759
2887
2886
2758
2757
2756
2884
2885
3013
3012
3011
3139
3138
3010
2882
2883
2755
2754
2753
2880
2881
3009
3008
3136
3137
3265
3266
3267
3268
3140
3141
3269
3397
3396
3395
3394
3393
3521
3649
3777
3776
3648
3647
3646
3645
3644
3643
3515
3516
3517
3518
3519
3391
3390
3389
3388
3387
3386
3514
3642
3770
3898
4026
4154
4155
4156
4157
4158
4159
4160
4161
4162
4163
4164
4165
4166
4167
4168
4169
4170
4171
4299
4298
4297
4296
4295
4294
4293
4292
4291
4290
4289
4288
4287
4286
4285
4284
4283
4282
4281
4153
4025
4024
4152
4023
4022
4021
4149
4150
4151
4278
4406
4407
4279
4280
4408
4409
4410
4411
4412
4413
4414
4415
4416
4417
4418
4419
4420
4421
4549
4548
4547
4546
4545
4544
4543
4542
4541
4540
4539
4538
4537
4536
4535
4534
4662
4790
4918
4789
4661
4533
4405
4277
4276
4404
4532
4531
4530
4529
4528
4527
4526
4525
4524
4523
4522
4521
4520
4519
4391
4263
4262
4390
4518
4517
4516
4388
4389
4261
4260
4132
4131
4130
4129
4257
4258
4259
4387
4515
4514
4386
4385
4513
4512
4511
4639
4640
4641
4642
4643
4644
4645
4646
4647
4648
4776
4775
4774
4773
4772
4771
4770
4769
4768
4767
4895
4896
4897
4898
4899
4900
4901
4902
4903
4904
4905
4777
4649
4650
4778
4906
4907
4779
4651
4652
4780
4908
4909
4910
4911
4912
4913
4785
4784
4783
4782
4781
4653
4654
4655
4656
4657
4658
4786
4787
4659
4660
4788
4916
4917
5046
5047
5176
5175
5303
5304
5177
5305
5306
5178
5179
5307
5308
5436
5435
5434
5433
5432
5431
5430
5302
5174
5173
5045
5044
5043
4915
4914
5042
5170
5296
5297
5298
5426
5425
5424
5552
5553
5551
5423
5295
5167
5168
5169
5041
5040
5039
5038
5166
5294
5422
5550
5549
5548
5420
5421
5293
5165
5037
5036
5035
5034
5033
5032
5031
5159
5160
5161
5289
5290
5162
5163
5164
5292
5291
5419
5547
5546
5418
5417
5545
5544
5416
5288
5287
5415
5543
5542
5414
5286
5158
5030
5029
5157
5156
5028
5027
5155
5283
5284
5285
5413
5412
5411
5410
5282
5281
5409
5537
5538
5539
5540
5541
5669
5668
5667
5666
5665
5664
5663
5791
5792
5793
5794
5795
5796
5797
5925
5924
5923
5922
6050
6051
6052
6053
6054
5926
5927
6055
6056
6057
5929
5928
5800
5799
5798
5670
5671
5672
5673
5801
5802
5674
5675
5803
5931
5930
6058
6059
6060
5932
5933
5934
5935
6063
6191
6190
6062
6061
6189
6188
6187
6186
6185
6184
6183
6182
6181
6180
6179
6178
6177
6049
5921
5920
5919
5918
5790
5662
5661
5789
5788
5660
5659
5658
5657
5785
5786
5787
5915
5914
5913
5912
5911
5910
5909
5908
6036
6035
5907
5779
5780
5781
5782
5783
5784
5656
5655
5654
5653
5652
5651
5650
5649
5648
5647
5646
5645
5644
5772
5773
5774
5775
5776
5777
5778
5906
6034
6033
5905
5904
6032
6031
5903
5902
5901
5900
6028
6027
6026
5898
5899
5771
5770
5769
5641
5642
5643
5515
5516
5517
5389
5390
5518
5519
5391
5392
5520
5521
5393
5265
5266
5394
5522
5523
5395
5267
5139
5011
5012
5140
5141
5013
5014
5015
5016
5017
5145
5144
5143
5142
5270
5269
5268
5396
5524
5525
5397
5398
5526
5527
5528
5400
5399
5271
5272
5273
5274
5402
5401
5529
5530
5531
5403
5275
5147
5146
5018
5019
5020
5021
5149
5148
5276
5277
5278
5406
5405
5404
5532
5533
5534
5535
5536
5408
5407
5279
5280
5152
5153
5154
5026
5025
5024
5023
5151
5150
5022
4894
4893
4892
4764
4765
4766
4638
4637
4636
4508
4509
4510
4382
4381
4380
4252
4251
4379
4507
4506
4505
4633
4634
4635
4763
4891
4890
4762
4761
4889
4888
4760
4632
4631
4630
4629
4628
4627
4499
4500
4372
4373
4501
4502
4503
4504
4376
4377
4378
4250
4122
4121
4249
4248
4120
4119
4247
4375
4374
4246
4118
4117
4245
4244
4116
4115
4114
4242
4243
4371
4370
4498
4497
4369
4368
4496
4624
4752
4751
4750
4622
4623
4495
4494
4366
4367
4239
4238
4237
4365
4364
4236
4235
4363
4491
4492
4493
4621
4620
4619
4747
4746
4745
4744
4616
4617
4618
4490
4489
4488
4360
4359
4487
4486
4485
4357
4358
4230
4102
4103
4231
4232
4104
4105
4233
4361
4362
4234
4106
4107
4108
4109
4110
4111
4112
4240
4241
4113
3985
3986
3987
3859
3731
3732
3733
3861
3860
3988
3989
3990
3862
3734
3735
3736
3864
3863
3991
3992
3993
3994
3866
3865
3737
3738
3739
3867
3868
3740
3741
3869
3997
3996
3995
4123
4124
4125
4253
4254
4255
4383
4384
4256
4128
4127
4126
3998
3870
3742
3743
3744
3872
3871
3999
4000
4001
4002
4003
4004
3876
3748
3747
3875
3874
3873
3745
3746
3618
3617
3616
3488
3487
3615
3614
3486
3485
3613
3612
3484
3356
3357
3358
3359
3360
3361
3489
3490
3362
3363
3364
3365
3366
3238
3110
3111
3239
3367
3368
3240
3112
3113
3114
3115
3244
3116
3117
3118
3119
2991
2863
2862
2990
2989
2861
2860
2988
2987
2986
2985
2984
2856
2857
2729
2728
2727
2726
2725
2597
2598
2599
2600
2601
2473
2472
2471
2470
2469
2468
2467
2466
2465
2464
2463
2462
2461
2460
2332
2331
2330
2329
2328
2327
2326
2325
2324
2323
2322
2321
2320
2319
2318
2317
2189
2188
2187
2186
2185
2184
2183
2182
2181
2180
2179
2307
2308
2309
2310
2311
2312
2313
2314
2315
2316
2444
2445
2446
2447
2448
2449
2450
2451
2452
2453
2454
2455
2456
2457
2458
2459
2587
2586
2585
2584
2583
2582
2581
2580
2579
2578
2577
2576
2575
2574
2573
2572
2571
2443
2442
2441
2440
2439
2438
2437
2436
2435
2563
2691
2692
2564
2565
2566
2567
2568
2696
2697
2569
2570
2698
2699
2700
2828
2829
2701
2702
2703
2704
2705
2706
2707
2835
2834
2833
2832
2831
2830
2958
2959
2960
2961
2962
2963
2964
2965
3093
3092
3091
3090
3089
3088
3087
3086
3085
2957
2956
3084
3083
3082
3210
3211
3212
3213
3214
3215
3216
3217
3218
3219
3220
3221
3222
3223
3224
3225
3226
3098
2970
2969
3097
3096
3095
3094
2966
2967
2968
2840
2839
2838
2837
2836
2708
2709
2710
2711
2712
2713
2841
2842
2714
2715
2716
2588
2589
2717
2718
2590
2591
2592
2593
2594
2595
2596
2724
2723
2722
2721
2720
2719
2847
2848
2849
2850
2851
2852
2853
2854
2855
2983
2982
2981
2980
3108
3109
3237
3236
3235
3107
2979
2978
2977
2976
2975
3103
3104
3105
3106
3234
3233
3232
3231
3230
3102
3101
3229
3228
3100
2972
2973
2974
2846
2845
2844
2843
2971
3099
3227
3355
3483
3611
3610
3609
3608
3607
3606
3478
3479
3480
3481
3482
3354
3353
3352
3351
3350
3349
3348
3476
3477
3605
3604
3603
3602
3601
3600
3599
3471
3472
3473
3474
3475
3347
3346
3345
3344
3343
3342
3470
3469
3341
3340
3339
3338
3337
3336
3464
3463
3335
3207
3079
3080
3208
3209
3081
2953
2954
2955
2827
2826
2825
2824
2952
2951
2823
2695
2694
2693
2821
2822
2950
3078
3206
3205
3204
3076
3077
2949
2948
2820
2819
2947
3075
3203
3331
3332
3333
3334
3462
3461
3460
3459
3587
3588
3589
3590
3591
3592
3593
3465
3466
3594
3595
3467
3468
3596
3597
3598
3726
3854
3855
3727
3728
3729
3730
3858
3857
3856
3984
3983
3982
3981
3980
3852
3853
3725
3724
3723
3851
3979
3978
3977
3849
3850
3722
3721
3720
3719
3847
3848
3976
3975
3974
3846
3718
3717
3716
3715
3843
3971
3972
3844
3845
3973
4101
4229
4228
4100
4099
4227
4355
4356
4484
4483
4611
4612
4613
4741
4740
4739
4867
4868
4869
4870
4742
4614
4615
4743
4871
4872
4873
4874
4875
4876
4748
4749
4877
4878
4879
4880
4881
4753
4625
4626
4754
4755
4756
4757
4758
4759
4887
4886
4885
4884
4883
4882
5010
5138
5137
5009
5008
5136
5264
5263
5135
5007
5006
5005
5004
5003
5002
5130
5131
5132
5133
5134
5262
5261
5260
5388
5387
5259
5258
5257
5256
5255
5254
5126
5127
5128
5129
5001
5000
4999
4998
4997
5125
5124
4996
4995
5123
5251
5252
5253
5381
5380
5379
5507
5508
5509
5510
5382
5383
5384
5385
5386
5514
5513
5512
5511
5639
5640
5768
5767
5766
5638
5637
5636
5635
5763
5764
5765
5893
5892
5891
6019
6147
6148
6020
6021
6149
6150
6022
5894
5895
6023
6151
6152
6024
5896
5897
6025
6153
6154
6155
6156
6157
6029
6030
6158
6159
6160
6161
6162
6163
6164
6165
6037
6038
6166
6167
6039
6040
6168
6169
6041
6042
6043
6044
5916
5917
6045
6046
6047
6048
6176
6175
6174
6173
6172
6171
6170
6298
6297
6296
6295
6294
6293
6292
6291
6290
6289
6288
6287
6286
6285
6284
6283
6282
6281
6280
6279
6278
6277
6405
6404
6276
6275
6403
6531
6532
6533
6661
6660
6659
6787
6915
6916
6788
6789
6917
6918
6919
6920
6921
6922
6923
6795
6794
6793
6665
6666
6667
6668
6796
6797
6669
6670
6798
6926
6927
6928
6800
6799
6671
6672
6673
6674
6546
6545
6544
6543
6542
6541
6540
6539
6538
6537
6536
6664
6792
6791
6790
6662
6663
6535
6534
6406
6407
6408
6409
6410
6411
6412
6413
6414
6415
6416
6417
6418
6419
6420
6421
6422
6423
6424
6425
6426
6427
6299
6300
6301
6429
6428
6556
6557
6558
6686
6685
6684
6812
6813
6814
6942
6941
6940
6939
6811
6683
6555
6554
6553
6552
6680
6681
6682
6810
6809
6937
6938
7066
7065
7064
7063
7062
7061
7060
6932
6804
6805
6933
6934
6935
6936
6808
6807
6806
6678
6679
6551
6550
6549
6677
6676
6548
6547
6675
6803
6802
6801
6929
6930
6931
7059
7058
7057
7056
7055
7054
7053
6925
6924
7052
7051
7050
7049
7048
7047
7046
7045
7044
7043
7171
7172
7173
7174
7175
7176
7304
7305
7177
7178
7306
7307
7179
7180
7181
7182
7310
7309
7308
7436
7437
7438
7439
7440
7441
7442
7570
7571
7572
7573
7701
7700
7699
7698
7697
7569
7568
7567
7566
7565
7564
7692
7693
7694
7695
7696
7824
7825
7826
7827
7828
7829
7830
7831
7832
7833
7705
7577
7578
7706
7834
7835
7707
7579
7451
7452
7453
7454
7582
7710
7709
7581
7580
7708
7836
7837
7838
7839
7840
7712
7711
7583
7584
7585
7586
7587
7588
7589
7461
7460
7459
7458
7457
7329
7201
7202
7330
7331
7203
7204
7332
7333
7205
7077
7076
7075
7074
7073
7072
7200
7328
7456
7455
7327
7199
7198
7326
7325
7197
7196
7324
7323
7322
7450
7449
7321
7320
7448
7447
7575
7576
7704
7703
7702
7574
7446
7445
7444
7443
7315
7314
7313
7312
7311
7183
7184
7185
7186
7187
7188
7316
7317
7189
7190
7318
7319
7191
7192
7193
7194
7195
7067
7068
7069
7070
7071
6943
6944
6945
6817
6818
6946
6947
6948
6949
6821
6820
6819
6691
6690
6562
6561
6689
6688
6816
6815
6687
6559
6560
6432
6431
6430
6302
6303
6304
6305
6433
6434
6306
6307
6308
6309
6310
6311
6312
6313
6314
6315
6443
6444
6316
6317
6445
6446
6318
6319
6447
6575
6703
6831
6959
6958
6830
6829
6828
6700
6701
6702
6574
6573
6572
6571
6699
6698
6697
6825
6826
6827
6955
6954
6953
6952
6951
6823
6824
6696
6568
6569
6570
6442
6441
6440
6439
6438
6437
6436
6435
6563
6564
6692
6693
6565
6566
6567
6695
6694
6822
6950
7078
7079
7080
7081
7082
7083
7084
6956
6957
7085
7086
7087
7088
6960
6832
6704
6576
6448
6320
6192
6064
5936
5808
5807
5806
5805
5804
5676
5677
5678
5679
5680
5681
5809
5937
6065
6193
6321
6449
6577
6705
6833
6961
7089
7217
7216
7215
7343
7342
7214
7213
7341
7469
7468
7340
7212
7211
7339
7467
7595
7723
7724
7596
7597
7725
7726
7854
7982
7981
7853
7852
7851
7850
7722
7594
7466
7465
7337
7338
7210
7209
7208
7336
7335
7207
7206
7334
7462
7590
7591
7463
7464
7592
7593
7721
7720
7719
7718
7717
7716
7715
7714
7713
7841
7842
7843
7844
7845
7846
7847
7848
7849
7977
7978
7979
7980
8108
8109
8110
8238
8237
8236
8364
8492
8493
8365
8366
8494
8495
8367
8368
8496
8624
8623
8622
8621
8620
8619
8618
8617
8745
8746
8874
8873
8872
8744
8743
8871
8870
8998
8997
8996
8995
8867
8739
8740
8868
8869
8741
8742
8614
8615
8616
8488
8489
8490
8491
8363
8362
8361
8360
8359
8487
8486
8358
8357
8356
8355
8354
8482
8483
8484
8485
8613
8612
8611
8610
8609
8608
8480
8481
8353
8352
8224
8223
8222
8221
8220
8219
8091
8092
8093
8094
8095
8096
8097
8225
8226
8098
8099
8227
8228
8100
8101
8229
8230
8231
8232
8233
8234
8235
8107
8106
8105
8104
7976
7975
8103
8102
7974
7973
7972
7971
7970
7969
7968
7967
7966
7965
7964
7963
7962
8090
8089
7961
7960
7959
7958
8086
8085
7957
7956
8084
8083
7955
7954
7953
7952
7951
7823
7822
7821
7820
7819
7818
7817
7689
7561
7562
7690
7691
7563
7435
7434
7433
7432
7431
7303
7302
7430
7558
7557
7556
7428
7429
7301
7300
7299
7427
7555
7683
7684
7685
7686
7687
7559
7560
7688
7816
7815
7814
7813
7812
7811
7939
7940
7941
8069
8068
8067
8195
8196
8197
8198
8199
8200
8201
8202
8074
8073
8072
8071
8070
7942
7943
7944
7945
7946
7947
7948
8076
8075
8203
8204
8205
8077
7949
7950
8078
8206
8207
8079
8080
8208
8209
8081
8082
8210
8211
8212
8213
8214
8215
8087
8088
8216
8217
8218
8346
8345
8344
8343
8342
8470
8471
8472
8473
8474
8475
8347
8348
8476
8477
8349
8350
8351
8479
8478
8606
8607
8735
8734
8862
8863
8864
8736
8737
8738
8866
8865
8993
8994
9122
9121
9249
9250
9378
9379
9380
9508
9507
9506
9634
9636
9635
9764
9892
10019
10145
10018
10017
10016
10144
10272
10400
10528
10656
10784
10783
10655
10527
10399
10271
10270
10398
10526
10654
10782
10910
10909
10908
10778
10649
10650
10651
10652
10780
10779
10781
10653
10525
10397
10269
10268
10396
10524
10523
10395
10267
10139
10138
10266
10394
10522
10521
10393
10265
10137
10009
10010
10140
10141
10142
10143
10015
9887
9759
9758
9630
9631
9503
9375
9247
9376
9504
9632
9760
9888
9889
9890
9891
9763
9762
9761
9633
9505
9377
9248
9246
9373
9374
9502
9501
9629
9757
9756
9755
9883
9884
9885
9886
10014
10013
10012
10011
9882
9754
9626
9627
9628
9500
9372
9244
9245
9117
9118
9119
9120
8992
8991
8990
8989
8861
8860
8859
8731
8732
8733
8605
8604
8603
8602
8730
8729
8601
8600
8599
8598
8597
8596
8595
8723
8722
8721
8849
8850
8851
8979
8980
8981
8853
8852
8724
8725
8726
8727
8728
8856
8855
8854
8982
8983
8984
8985
8857
8858
8986
8987
8988
9116
9115
9243
9242
9114
9113
9112
9111
9239
9240
9241
9369
9370
9371
9499
9498
9497
9496
9368
9367
9495
9494
9366
9238
9110
9109
9108
9107
9235
9236
9237
9365
9493
9492
9364
9363
9491
9490
9362
9361
9489
9488
9487
9359
9360
9232
9231
9103
9104
9105
9233
9234
9106
8978
8977
8976
8848
8847
8975
8974
8973
8845
8846
8718
8717
8716
8588
8589
8590
8591
8719
8720
8592
8593
8594
8466
8467
8468
8469
8341
8340
8339
8338
8337
8465
8464
8336
8335
8463
8462
8334
8333
8461
8460
8332
8331
8330
8329
8328
8456
8457
8458
8459
8587
8586
8585
8584
8583
8455
8327
8326
8454
8582
8581
8453
8325
8324
8323
8451
8452
8580
8579
8707
8835
8963
8964
8965
8966
8838
8837
8836
8708
8709
8710
8711
8839
8840
8712
8713
8714
8715
8843
8844
8972
8971
8970
8842
8841
8969
8968
8967
9095
9096
9097
9098
9099
9100
9101
9102
9230
9358
9486
9485
9484
9356
9357
9229
9228
9227
9355
9483
9482
9481
9353
9354
9226
9225
9224
9223
9351
9352
9480
9479
9478
9350
9349
9477
9476
9348
9220
9221
9222
9094
9093
9092
9091
9219
9347
9475
9603
9604
9605
9606
9607
9608
9609
9610
9611
9612
9613
9614
9615
9616
9617
9618
9619
9620
9621
9622
9623
9624
9625
9753
9881
9880
9752
9751
9750
9749
9748
9747
9746
9745
9744
9743
9742
9741
9740
9739
9738
9737
9736
9735
9734
9733
9732
9731
9859
9860
9861
9862
9863
9864
9865
9866
9867
9868
9869
9870
9871
9872
9873
9874
9875
9876
10004
10003
10002
10001
10129
10128
10000
9999
9998
9997
10125
10253
10254
10126
10127
10255
10383
10511
10639
10640
10512
10384
10256
10130
10131
10132
10261
10133
10005
9877
9878
9879
10008
10136
10264
10392
10520
10648
10776
10777
10905
10906
10907
11035
11034
11162
11032
11033
10904
10903
10775
10647
10519
10391
10263
10135
10007
10006
10134
10262
10390
10518
10517
10389
10388
10260
10259
10258
10257
10385
10513
10641
10771
10643
10642
10514
10386
10387
10515
10516
10644
10772
10773
10645
10646
10774
10902
10901
10900
10899
10898
11026
11027
11028
11029
11030
11031
11161
11290
11418
11545
11546
11672
11671
11670
11540
11541
11413
11285
11286
11287
11415
11414
11542
11543
11544
11416
11417
11289
11288
11160
11159
11158
11157
11156
11155
11154
11025
10897
10770
10769
10768
10896
11024
11023
11151
11150
11149
11148
11020
10892
10893
11021
11022
10894
10895
10767
10766
10638
10637
10765
10764
10636
10508
10509
10510
10382
10381
10380
10252
10251
10123
10124
9996
9995
9994
9993
10121
10122
10250
10249
10377
10378
10379
10507
10506
10505
10504
10376
10375
10503
10502
10501
10373
10374
10246
10247
10248
10120
9992
9991
10119
10118
9990
9989
10117
10245
10244
10116
9988
9987
10115
10243
10371
10372
10500
10499
10627
10755
10883
10884
10885
10757
10756
10628
10629
10630
10758
10886
10887
11015
11014
11013
11012
11011
11139
11140
11141
11142
11143
11144
11016
10888
10760
10759
10631
10632
10633
10761
10762
10634
10635
10763
10891
11019
11018
10890
10889
11017
11145
11146
11147
11275
11403
11404
11276
11277
11405
11406
11278
11279
11407
11408
11280
11152
11153
11281
11282
11283
11284
11412
11411
11410
11409
11537
11536
11535
11663
11662
11534
11533
11661
11660
11532
11531
11659
11658
11657
11656
11655
11654
11653
11652
11524
11525
11526
11527
11528
11529
11530
11402
11274
11273
11401
11400
11272
11271
11399
11398
11270
11269
11397
11396
11268
11267
11395
11523
11651
11779
11780
11781
11782
11783
11911
11912
11784
11785
11786
11787
11788
11789
11790
11918
11919
11791
11792
11664
11793
11922
11921
11920
12048
12176
12304
12432
12431
12303
12175
12047
12046
12174
12173
12172
12171
12043
12044
12045
11917
11916
11915
11914
11913
12041
12042
12170
12169
12168
12040
12039
12167
12166
12038
11910
11909
11908
11907
12035
12163
12164
12036
12037
12165
12293
12292
12291
12419
12420
12421
12549
12550
12551
12679
12680
12681
12809
12810
12811
12939
12938
12937
13065
13066
13067
13195
13196
13197
13198
13199
13200
13072
12944
12943
13071
13070
13069
13068
12940
12941
12942
12814
12686
12685
12813
12812
12684
12683
12682
12554
12553
12552
12424
12423
12422
12294
12295
12296
12297
12425
12426
12298
12299
12300
12301
12302
12430
12429
12428
12427
12555
12556
12557
12558
12559
12687
12815
12816
12688
12560
12561
12562
12563
12564
12692
12691
12690
12689
12817
12945
12946
12818
12819
12947
13075
13074
13073
13201
13202
13203
13204
13076
13077
13205
13206
13334
13335
13336
13337
13209
13208
13207
13079
13078
12950
12949
12948
12820
12821
12822
12823
12951
12952
13080
13081
12953
12825
12824
12696
12698
12697
12569
12441
12313
12185
12186
12314
12315
12187
12188
12316
12444
12443
12442
12570
12571
12572
12445
12317
12189
12061
11933
11931
11932
12060
12059
12058
12057
11930
11804
11805
11803
11802
11929
11928
12056
12184
12312
12440
12568
12695
12693
12565
12437
12436
12435
12307
12179
12180
12308
12309
12310
12438
12566
12694
12567
12439
12311
12183
12055
12054
12182
12181
12053
11925
11924
12052
12051
12050
12178
12306
12434
12433
12305
12177
12049
11923
11794
11665
11666
11538
11539
11669
11668
11667
11795
11796
11797
11798
11926
11927
11799
11800
11801
11673
11674
11675
11547
11419
11291
11163
11164
11036
11037
11038
11166
11165
11293
11421
11549
11677
11676
11548
11420
11292
11294
11422
11550
11678
11806
11934
12062
12190
12319
12448
12447
12318
12446
12574
12575
12703
12702
12701
12700
12573
12699
12826
12954
12956
12955
12827
12828
12829
12830
12958
13086
13214
13215
13087
12959
12831
12832
12833
12960
13088
13216
13343
13342
13213
13085
12957
13083
13082
13084
13212
13211
13210
13338
13339
13340
13468
13467
13466
13465
13464
13592
13591
13463
13462
13461
13333
13332
13331
13330
13329
13328
13327
13326
13325
13324
13323
13322
13194
13193
13192
13064
13063
13191
13190
13189
13188
13060
13061
13062
12934
12935
12936
12808
12807
12806
12678
12677
12676
12548
12547
12675
12803
12804
12805
12933
12932
12931
13059
13187
13315
13316
13317
13318
13319
13320
13321
13449
13450
13451
13452
13453
13454
13582
13583
13455
13456
13457
13585
13584
13712
13711
13710
13838
13837
13836
13835
13707
13708
13709
13581
13580
13579
13578
13577
13705
13706
13834
13833
13832
13704
13703
13702
13574
13575
13576
13448
13447
13446
13445
13573
13572
13444
13443
13571
13699
13700
13701
13829
13828
13827
13955
13956
13957
13958
13830
13831
13959
13960
13961
13962
13963
13964
13965
13966
13967
13839
13840
13968
13969
13841
13713
13714
13715
13587
13586
13458
13459
13460
13588
13589
13590
13718
13719
13720
13848
13847
13846
13845
13717
13716
13844
13843
13842
13970
13971
13972
13973
13974
13975
13976
13977
13849
13850
13978
13979
13980
13981
13982
13983
13855
13854
13853
13852
13851
13723
13722
13721
13593
13594
13595
13596
13724
13725
13597
13469
13341
13470
13471
13344
13217
13089
12961
12962
12963
12835
12834
12706
12705
12704
12576
12577
12707
12836
12964
13091
13090
13092
13093
12965
12837
12709
12708
12578
12579
12580
12581
12582
12710
12711
12713
12712
12584
12583
12585
12459
12460
12461
12333
12332
12331
12330
12329
12328
12327
12326
12325
12324
12323
12322
12321
12193
12194
12195
12196
12197
12198
12199
12200
12201
12202
12203
12204
12205
12206
12207
12208
12209
12210
12211
12212
12084
12083
12082
12081
12080
12079
12078
12077
12076
12075
12074
12073
12072
12071
12070
12069
12068
12067
12066
12065
12192
12064
12063
12191
12320
12449
12450
12451
12452
12453
12454
12455
12456
12457
12458
12586
12587
12588
12589
12590
12718
12717
12716
12715
12714
12842
12843
12844
12845
12846
12847
12719
12591
12592
12720
12848
12849
12850
12851
12723
12722
12721
12593
12594
12595
12596
12724
12725
12853
12852
12980
12981
12982
12983
12984
12985
13113
13112
13111
13110
13109
13108
13236
13237
13238
13239
13240
13241
13242
13114
13115
13243
13244
13245
13246
13118
13119
13247
13248
13249
13121
13120
12992
12991
12990
12989
13117
13116
12988
12987
12986
12858
12859
12860
12861
12862
12863
12864
12736
12737
12865
12993
12994
13122
13123
12995
12996
12997
12869
12868
12867
12866
12738
12739
12740
12741
12613
12614
12615
12743
12742
12870
12871
12872
13000
12999
12998
13126
13125
13124
13252
13253
13254
13255
13127
13128
13256
13257
13258
13259
13260
13261
13262
13263
13264
13265
13266
13267
13268
13140
13139
13138
13137
13136
13135
13134
13133
13132
13131
13130
13129
13001
13002
13003
12875
12747
12619
12491
12363
12235
12107
11979
11851
11850
11978
12106
12234
12362
12490
12618
12746
12874
12873
12745
12744
12616
12617
12489
12361
12233
12105
11977
11849
11848
11847
11846
11845
11973
11974
12102
12103
11975
11976
12104
12232
12360
12488
12487
12486
12358
12359
12231
12230
12229
12101
12100
12228
12356
12357
12485
12484
12612
12611
12610
12609
12608
12607
12735
12734
12606
12605
12733
12732
12604
12603
12731
12730
12602
12601
12729
12857
12856
12855
12854
12726
12727
12728
12600
12599
12598
12597
12469
12468
12467
12466
12465
12464
12463
12462
12334
12335
12336
12337
12338
12339
12340
12341
12342
12470
12471
12472
12473
12474
12475
12476
12477
12478
12479
12480
12481
12482
12483
12355
12354
12353
12352
12351
12350
12349
12348
12347
12346
12345
12344
12343
12215
12214
12213
12085
12086
12087
11959
11958
11957
11956
11955
11954
11953
11952
11951
11950
11949
11948
11947
11946
11945
11944
11943
11942
11941
11940
11939
11938
11937
11936
11935
11807
11808
11809
11810
11811
11812
11813
11814
11815
11816
11817
11818
11819
11820
11821
11822
11823
11824
11825
11826
11827
11828
11829
11830
11831
11833
11832
11960
12088
12216
12217
12218
12219
12220
12221
12222
12223
12224
12225
12226
12227
12099
12098
12097
12096
12095
12094
12093
12092
12091
12090
12089
11961
11962
11963
11964
11965
11966
11967
11968
11969
11970
11971
11972
11844
11843
11842
11841
11840
11839
11838
11837
11836
11835
11707
11708
11709
11710
11711
11712
11713
11714
11715
11716
11717
11718
11719
11720
11721
11722
11723
11724
11725
11726
11854
11982
12110
12238
12366
12365
12237
12109
11981
11853
11852
11980
12108
12236
12364
12492
12493
12494
12495
12367
12239
12111
11983
11855
11727
11599
11598
11471
11472
11473
11601
11600
11728
11729
11857
11856
11984
11985
11986
11987
12115
12114
12113
12112
12240
12368
12496
12497
12369
12241
12242
12243
12244
12116
11988
11860
11859
11858
11730
11731
11603
11602
11474
11475
11476
11604
11732
11733
11861
11989
12117
12245
12246
12118
11990
11862
11734
11606
11605
11477
11478
11350
11349
11348
11347
11346
11345
11344
11343
11470
11597
11596
11595
11594
11593
11592
11591
11590
11589
11588
11587
11586
11585
11584
11583
11582
11581
11580
11579
11578
11449
11321
11193
11066
10939
10940
10941
11069
11068
11067
11194
11195
11196
11324
11323
11322
11450
11451
11452
11453
11454
11455
11456
11457
11458
11459
11460
11461
11462
11463
11464
11465
11466
11467
11468
11469
11341
11340
11339
11338
11337
11336
11335
11334
11333
11205
11206
11207
11208
11209
11210
11211
11212
11213
11214
11342
11215
11216
11088
11087
11086
11085
11084
11083
11082
11081
11080
11079
11078
10949
10948
11076
11077
11204
11332
11331
11330
11203
11075
10947
10819
10820
10691
10563
10435
10434
10433
10559
10560
10561
10562
10690
10818
10946
11074
11202
11329
11328
11327
11326
11325
11197
11198
11199
11071
11070
10942
10943
10944
11072
11200
11201
11073
10945
10817
10689
10688
10816
10815
10814
10813
10687
10686
10685
10812
10684
10683
10811
10810
10938
10937
11065
11064
11191
11192
11320
11319
11318
11445
11444
11443
11442
11441
11440
11439
11438
11437
11436
11435
11434
11433
11432
11431
11430
11429
11428
11427
11426
11554
11555
11556
11557
11558
11559
11560
11561
11562
11563
11564
11565
11566
11567
11568
11569
11570
11571
11572
11573
11574
11446
11447
11575
11448
11576
11577
11706
11834
11705
11704
11703
11702
11701
11700
11699
11698
11697
11696
11695
11694
11693
11692
11691
11690
11689
11688
11687
11686
11685
11684
11683
11682
11681
11553
11425
11298
11299
11300
11301
11302
11303
11304
11305
11306
11307
11308
11309
11310
11311
11312
11313
11314
11315
11316
11317
11190
11189
11188
11187
11186
11185
11184
11183
11182
11181
11180
11179
11178
11177
11176
11175
11174
11173
11172
11171
11170
11297
11424
11552
11680
11679
11551
11423
11295
11167
11039
10911
10912
11040
11168
11296
11169
11041
10913
10914
11042
11043
11044
11045
11046
11047
11048
11049
11050
11051
11052
11053
11054
11055
11056
11057
11058
11059
11060
11061
11062
11063
10936
10935
10934
10933
10932
10931
10930
10929
10928
10927
10926
10925
10924
10923
10922
10921
10920
10919
10918
10917
10916
10915
10787
10788
10789
10790
10791
10792
10793
10794
10795
10796
10797
10798
10799
10800
10801
10802
10803
10804
10805
10806
10807
10808
10809
10682
10681
10680
10679
10678
10677
10676
10675
10674
10673
10672
10671
10670
10669
10668
10667
10666
10665
10664
10663
10662
10661
10534
10406
10278
10150
10022
10023
10151
10279
10407
10535
10536
10537
10538
10539
10540
10541
10413
10412
10411
10282
10410
10409
10408
10280
10152
10281
10153
10025
9897
9769
9770
9771
9772
9773
9774
9775
9776
9777
9778
9650
9651
9779
9780
9781
9782
9783
9909
9908
9907
9906
9905
9904
9903
9902
9901
9900
9899
9898
10026
10154
10283
10284
10285
10286
10287
10288
10416
10415
10414
10542
10543
10544
10545
10546
10547
10548
10549
10550
10551
10552
10553
10554
10555
10556
10557
10558
10430
10431
10432
10304
10303
10176
10175
10174
10173
10172
10171
10170
10169
10168
10167
10166
10165
10164
10163
10162
10290
10291
10292
10293
10294
10295
10296
10297
10298
10299
10300
10301
10302
10429
10428
10427
10426
10425
10424
10423
10422
10421
10420
10419
10418
10417
10289
10161
10160
10159
10158
10157
10156
10155
10027
10028
10029
10030
10031
10032
10033
10034
10035
10036
10037
10038
9910
9911
10039
10040
10041
10042
10043
10044
10045
10046
10047
10048
10049
10050
10051
10179
10178
10177
10305
10306
10307
10180
10052
9924
9923
9922
9921
9920
9919
9918
9917
9916
9915
9914
9913
9912
9784
9785
9786
9787
9788
9789
9790
9791
9663
9535
9536
9664
9792
9793
9665
9537
9538
9666
9794
9795
9796
9668
9667
9539
9540
9541
9542
9543
9544
9672
9800
9801
9802
9803
9804
9805
9933
10061
10189
10317
10445
10446
10318
10319
10447
10448
10320
10192
10064
9936
9808
9680
9552
9424
9551
9679
9807
9935
10063
10191
10190
10062
9934
9806
9678
9677
9676
9675
9674
9673
9545
9546
9547
9548
9549
9550
9423
9422
9421
9420
9419
9418
9417
9416
9415
9414
9413
9412
9411
9410
9409
9408
9407
9406
9405
9404
9403
9402
9401
9400
9272
9144
9016
9143
9271
9399
9527
9528
9529
9530
9531
9532
9533
9534
9662
9661
9660
9659
9658
9657
9656
9655
9654
9653
9652
9524
9396
9268
9269
9397
9525
9526
9398
9270
9142
9015
8887
8759
8631
8503
8502
8630
8758
8886
9014
9141
9140
9139
9138
9137
9136
9135
9134
9133
9132
9131
9130
9129
9128
9256
9257
9258
9259
9260
9261
9262
9263
9264
9265
9266
9267
9395
9523
9522
9394
9393
9392
9391
9390
9389
9388
9387
9386
9385
9384
9512
9513
9514
9515
9516
9517
9518
9519
9520
9521
9649
9648
9647
9646
9645
9644
9643
9642
9641
9640
9768
9896
10024
9895
9894
10021
10149
10277
10405
10533
10532
10660
10659
10658
10786
10785
10657
10529
10401
10273
10146
10274
10402
10530
10531
10403
10404
10276
10275
10147
10148
10020
9893
9765
9637
9509
9381
9253
9252
9251
9123
9124
9125
9126
9254
9382
9510
9638
9766
9767
9639
9511
9383
9255
9127
8999
9000
9001
9002
9003
9004
9005
9006
9007
9008
9009
9010
9011
9012
9013
8885
8884
8883
8882
8881
8880
8879
8878
8877
8876
8875
8747
8748
8749
8750
8751
8752
8753
8754
8755
8756
8757
8629
8501
8500
8628
8627
8499
8498
8626
8625
8497
8369
8241
8113
8114
8115
8116
8117
8118
8119
8120
8121
8122
8123
8124
8125
7997
7996
7995
7994
7993
7992
7991
7990
7989
7988
7987
7860
7732
7731
7859
7858
7986
7985
7857
7730
7729
7602
7601
7600
7728
7856
7984
8112
8240
8239
8111
7983
7855
7727
7599
7598
7470
7471
7472
7344
7345
7473
7474
7346
7218
7090
6962
6834
6706
6578
6450
6322
6194
6066
5938
5810
5682
5554
5555
5427
5299
5171
5172
5301
5300
5428
5429
5556
5683
5811
5684
5557
5558
5686
5685
5812
5813
5814
5815
5816
5817
5818
5819
5820
5821
5822
5823
5824
5952
5951
5950
5949
5948
5947
5946
5945
5944
5943
5942
5941
5940
5939
6067
6195
6323
6451
6579
6580
6452
6324
6196
6068
6069
6197
6325
6453
6581
6582
6583
6455
6454
6326
6327
6199
6198
6070
6071
6072
6073
6074
6075
6203
6331
6459
6458
6457
6329
6330
6202
6201
6200
6328
6456
6584
6585
6586
6587
6588
6460
6332
6204
6076
6077
6078
6079
6080
6208
6336
6464
6463
6462
6334
6335
6207
6206
6205
6333
6461
6589
6590
6718
6717
6716
6715
6714
6713
6712
6711
6710
6709
6708
6707
6835
6836
6837
6838
6839
6840
6841
6842
6843
6844
6845
6846
6847
6719
6591
6592
6720
6848
6976
6975
6974
6973
6972
6971
6970
6969
6968
6967
6966
6965
6964
6963
7091
7219
7347
7475
7603
7604
7476
7348
7220
7092
7093
7094
7095
7096
7097
7098
7099
7100
7101
7102
7103
7104
7232
7231
7230
7229
7228
7227
7226
7225
7224
7223
7222
7221
7349
7477
7605
7606
7607
7608
7609
7610
7611
7612
7613
7614
7615
7488
7487
7486
7485
7484
7483
7482
7481
7480
7479
7478
7350
7351
7352
7353
7354
7355
7356
7357
7358
7359
7360
7233
7105
6977
6849
6721
6593
6465
6337
6209
6081
5953
5825
5697
5696
5568
5567
5695
5566
5694
5693
5692
5691
5690
5689
5688
5687
5559
5560
5561
5562
5563
5564
5565
5437
5438
5439
5440
5312
5311
5310
5309
5180
5051
5050
5049
5048
4919
4791
4663
4664
4665
4666
4667
4668
4669
4670
4671
4672
4673
4674
4675
4676
4677
4805
4804
4803
4802
4801
4800
4799
4798
4797
4796
4795
4794
4793
4792
4920
4921
4922
4923
4924
4925
4926
4927
4928
4929
4930
4931
4932
4933
5061
5060
5059
5058
5057
5056
5055
5054
5053
5052
5181
5182
5183
5184
5185
5186
5187
5188
5189
5318
5319
5190
5062
5063
5064
5065
5066
5067
5068
5069
5070
4942
4941
4940
4939
4938
4937
4936
4935
4934
4806
4678
4550
4422
4423
4551
4552
4424
4425
4426
4427
4428
4554
4553
4679
4807
4680
4808
4809
4681
4682
4683
4555
4556
4557
4429
4430
4302
4301
4300
4174
4047
4046
4045
4173
4172
4044
4043
4042
4041
4040
4039
4038
4037
4036
4035
4034
4033
4032
4031
4030
4029
4028
4027
3899
3771
3772
3900
3901
3773
3774
3902
3903
3775
3904
3905
3906
3907
3908
3909
3910
3911
3912
3913
3914
3915
3916
3917
3918
3919
3920
3921
3793
3792
3791
3790
3789
3788
3787
3786
3785
3784
3783
3782
3781
3780
3779
3778
3650
3651
3652
3653
3654
3655
3656
3657
3658
3659
3660
3661
3662
3663
3664
3665
3666
3794
3922
3923
4051
4050
4049
4048
4175
4176
4304
4303
4431
4432
4558
4559
4685
4684
4810
4811
4812
4813
4814
4815
4816
4817
4818
4946
4945
4944
4943
5071
5072
5073
5074
5075
4947
4819
4691
4690
4689
4688
4687
4686
4560
4561
4562
4563
4564
4692
4693
4565
4566
4438
4437
4436
4435
4308
4309
4310
4311
4439
4440
4568
4567
4695
4694
4822
4821
4820
4948
4949
4950
4823
4696
4569
4441
4442
4443
4444
4445
4446
4447
4448
4449
4450
4451
4452
4453
4454
4455
4583
4582
4581
4580
4579
4578
4577
4576
4575
4574
4573
4572
4700
4701
4829
4830
4702
4703
4831
4959
5087
5215
5216
5344
5472
5600
5728
5856
5984
6112
6111
5983
5982
5854
5855
5727
5599
5471
5343
5342
5470
5469
5468
5467
5466
5465
5464
5336
5337
5338
5339
5211
5212
5213
5085
5084
5083
5082
5081
4953
4952
5080
5208
5209
5210
5340
5341
5214
5086
4958
4957
4956
4828
4827
4955
4954
4826
4825
4698
4699
4571
4570
4697
4824
4951
5079
5207
5335
5463
5591
5592
5593
5594
5595
5723
5722
5721
5720
5848
5849
5850
5851
5852
5724
5596
5597
5598
5726
5725
5853
5981
5980
5979
5978
5977
5976
5975
5974
5973
6100
6228
6229
6101
6102
6230
6358
6486
6614
6613
6485
6357
6356
6484
6612
6741
6742
6743
6744
6745
6746
6747
6748
6749
6750
6622
6621
6620
6619
6618
6617
6616
6615
6487
6488
6489
6490
6491
6492
6493
6494
6495
6367
6366
6365
6364
6363
6235
6234
6362
6361
6233
6232
6360
6359
6231
6103
6104
6105
6106
6107
6108
6236
6237
6109
6110
6238
6239
6240
6368
6369
6370
6498
6499
6371
6372
6500
6501
6502
6503
6630
6629
6628
6627
6626
6625
6497
6496
6624
6623
6751
6752
6753
6754
6755
6756
6757
6758
6759
6887
7015
7143
7271
7272
7273
7274
7275
7276
7404
7403
7402
7401
7400
7399
7398
7397
7396
7395
7267
7139
7138
7266
7394
7393
7392
7391
7390
7389
7388
7387
7386
7258
7259
7260
7261
7262
7263
7264
7265
7137
7136
7135
7134
7133
7132
7131
7130
7129
7128
7127
7126
7125
7124
7123
7252
7253
7254
7255
7256
7257
7385
7384
7383
7382
7381
7380
7379
7507
7635
7763
7891
7890
7762
7634
7506
7378
7250
7251
7122
6994
6866
6867
6995
6996
6997
6998
6999
7000
7001
7002
7003
7004
7005
7006
7007
7008
7009
7010
7011
7012
7140
7268
7269
7270
7142
7141
7013
7014
6886
6885
6884
6883
6882
6881
6880
6879
6878
6877
6876
6875
6874
6873
6872
6871
6870
6869
6868
6739
6740
6611
6483
6355
6227
6099
5972
5844
5845
5846
5847
5719
5718
5717
5716
5715
5714
5713
5712
5711
5583
5584
5585
5586
5587
5460
5332
5204
5205
5333
5461
5588
5589
5590
5462
5334
5206
5077
5078
5076
5203
5202
5201
5200
5199
5198
5197
5196
5195
5194
5193
5192
5191
5320
5321
5322
5323
5324
5325
5326
5327
5328
5329
5330
5331
5459
5458
5457
5456
5455
5454
5453
5452
5451
5450
5449
5448
5447
5446
5317
5316
5315
5314
5313
5441
5442
5443
5571
5572
5444
5445
5573
5574
5575
5576
5577
5578
5579
5580
5581
5582
5710
5709
5708
5707
5706
5705
5704
5832
5833
5834
5835
5836
5837
5838
5839
5840
5841
5842
5843
5971
5970
5969
5968
5967
5966
5965
5964
5963
5962
5961
5960
5959
5958
6086
6087
6088
6089
6090
6091
6092
6093
6094
6222
6223
6095
6096
6224
6352
6351
6350
6478
6479
6480
6608
6609
6481
6353
6225
6097
6098
6226
6354
6482
6610
6738
6737
6736
6735
6607
6606
6605
6477
6476
6604
6603
6475
6474
6346
6347
6348
6349
6221
6220
6219
6218
6217
6216
6215
6214
6213
6085
5957
5829
5830
5831
5703
5702
5701
5700
5828
5956
6084
6212
6340
6468
6596
6724
6852
6980
7108
7236
7235
7107
6979
6851
6723
6595
6467
6339
6211
6083
5955
5827
5699
5570
5569
5698
5826
5954
6082
6210
6338
6466
6594
6722
6850
6978
7106
7234
7361
7362
7489
7616
7743
7742
7741
7740
7739
7738
7737
7736
7735
7734
7733
7861
7862
7863
7864
7865
7866
7867
7868
7869
7870
7871
7872
7744
7745
7617
7618
7490
7363
7364
7492
7491
7619
7746
7873
8000
8128
8256
8384
8513
8514
8515
8516
8517
8518
8519
8520
8521
8522
8523
8524
8525
8397
8398
8526
8527
8399
8271
8143
8142
8270
8269
8141
8140
8139
8267
8268
8396
8395
8394
8393
8265
8266
8138
8010
8011
8012
7884
7883
7882
7881
7880
7879
7751
7752
7624
7623
7622
7750
7878
8006
8134
8135
8007
8008
8009
8137
8136
8264
8392
8391
8263
8262
8390
8389
8261
8260
8388
8387
8259
8131
8003
8002
8130
8258
8386
8385
8257
8129
8001
7874
7875
7876
8004
8132
8133
8005
7877
7749
7748
7747
7621
7620
7493
7494
7495
7496
7368
7369
7370
7371
7499
7627
7626
7498
7497
7625
7753
7754
7755
7756
7757
7758
7759
7760
7632
7504
7376
7248
7120
6992
6991
6990
6989
6988
6987
6986
7114
7115
7116
7117
7118
7119
7247
7375
7503
7631
7630
7629
7628
7500
7372
7373
7501
7502
7374
7246
7245
7244
7243
7242
7241
7240
7367
7239
7111
7112
7113
6985
6984
6983
6855
6727
6599
6471
6470
6598
6726
6854
6982
7110
7238
7366
7365
7237
7109
6981
6853
6725
6597
6469
6341
6342
6343
6344
6345
6473
6472
6600
6601
6602
6730
6729
6728
6856
6857
6858
6731
6859
6732
6860
6861
6733
6734
6862
6863
6864
6865
6993
7121
7249
7377
7505
7633
7761
7889
7888
7887
7886
7885
8013
8014
8015
8016
8017
8018
8019
8020
7892
7764
7636
7508
7509
7510
7511
7512
7513
7514
7515
7516
7517
7518
7646
7645
7773
7774
7647
7519
7520
7648
7521
7649
7777
7905
7778
7779
7780
7781
7782
7783
7784
7785
7786
7787
7788
7789
7790
7918
8046
8174
8173
8045
7917
7916
8044
8172
8300
8301
8302
8175
8176
8303
8430
8429
8428
8427
8426
8425
8424
8423
8422
8421
8420
8419
8290
8291
8292
8293
8294
8295
8296
8297
8169
8168
8167
8166
8165
8164
8163
8162
8034
8035
8036
8037
8038
8039
8040
8041
8042
8170
8298
8299
8171
8043
7915
7914
7913
7912
7911
7910
7909
7908
7907
7906
8033
8161
8289
8418
8417
8546
8547
8548
8549
8550
8551
8552
8553
8554
8555
8556
8557
8558
8431
8559
8560
8432
8433
8305
8306
8178
8179
8052
8051
7924
7925
7797
7798
7670
7543
7544
7672
7671
7799
7926
8053
8180
8307
8434
8304
8177
8050
7923
7922
8049
8048
8047
7919
7920
7921
7793
7794
7795
7667
7666
7665
7664
7792
7791
7663
7662
7661
7660
7659
7658
7657
7656
7655
7654
7653
7652
7651
7650
7522
7523
7524
7525
7526
7527
7528
7529
7530
7531
7532
7533
7534
7535
7536
7537
7538
7539
7540
7668
7796
7669
7541
7542
7414
7413
7412
7411
7410
7409
7408
7407
7406
7405
7277
7278
7150
7149
7148
7147
7146
7145
7144
7016
6888
6760
6632
6631
6633
6505
6504
6377
6378
6506
6379
6251
6250
6249
6376
6375
6248
6120
5992
5991
5990
5989
5988
5987
5859
5731
5603
5475
5347
5346
5474
5602
5730
5858
5986
6114
6115
6116
6117
6118
6119
6247
6246
6374
6373
6245
6244
6243
6242
6241
6113
5985
5857
5729
5601
5473
5345
5217
5218
5219
5220
5221
5222
5223
5224
5225
5226
5227
5228
5356
5357
5229
5230
5358
5486
5485
5484
5483
5355
5354
5353
5352
5351
5350
5349
5348
5476
5604
5732
5860
5861
5862
5863
5864
5865
5866
5867
5995
5994
5993
6121
6122
6123
6124
6252
6380
6508
6507
6634
6761
6889
7017
7018
6890
6762
6763
6635
6636
6764
6765
6637
6509
6381
6253
6125
6126
5998
5997
5996
5868
5869
5870
5871
5999
6127
6255
6254
6382
6383
6384
6512
6513
6385
6386
6514
6515
6642
6641
6640
6639
6511
6510
6638
6766
6767
6768
6769
6770
6643
6516
6389
6262
6135
6008
5881
5880
5879
6007
6006
6134
6133
6005
6004
6003
6002
6001
6129
6130
6131
6132
6260
6261
6388
6387
6259
6258
6257
6256
6128
6000
5872
5744
5743
5742
5741
5740
5739
5738
5737
5736
5735
5607
5606
5734
5733
5605
5477
5478
5479
5480
5608
5609
5481
5482
5610
5611
5612
5613
5614
5615
5487
5359
5231
5103
4975
4847
4719
4591
4463
4335
4207
4079
3951
3952
4080
4208
4336
4464
4592
4720
4848
4976
5104
5232
5360
5361
5489
5488
5616
5617
5745
5873
5874
5875
5876
5877
5878
5750
5751
5752
5753
5625
5624
5623
5622
5621
5749
5748
5620
5619
5747
5746
5618
5490
5362
5363
5491
5492
5364
5365
5493
5494
5366
5238
5237
5236
5235
5234
5233
5105
4977
4849
4721
4593
4465
4337
4209
4081
3953
3954
4082
4210
4338
4466
4594
4722
4850
4978
5106
5107
5108
4980
4979
4851
4852
4853
4854
4855
4727
4726
4725
4724
4723
4595
4596
4597
4598
4599
4471
4343
4215
4087
3959
3831
3703
3702
3574
3575
3447
3448
3321
3320
3193
3194
3066
3067
2939
2940
2812
2813
2685
2686
2558
2557
2684
2556
2428
2300
2172
2044
1916
1915
1914
1786
1787
1788
1789
1917
2045
2173
2046
1918
1919
2047
2175
2303
2432
2304
2176
2048
1920
1792
1664
1663
1791
1790
1662
1661
1660
1659
1658
1657
1785
1913
1912
2040
2041
2042
2043
2171
2299
2427
2555
2682
2554
2426
2298
2170
2169
2297
2425
2424
2296
2168
2167
2295
2294
2422
2423
2551
2679
2680
2552
2553
2681
2809
2937
3064
3191
3190
3189
3188
3060
3061
3062
3063
2935
2936
2808
2807
2806
2934
2933
2805
2677
2676
2678
2550
2549
2421
2293
2165
2164
2163
2035
1907
1906
1905
1904
1903
1902
1901
1900
1899
1771
1643
1642
1641
1514
1515
1516
1644
1772
1773
1774
1775
1776
1777
1778
1779
1780
1908
2036
2037
1909
1781
1782
1910
2038
2166
2039
1911
1783
1784
1656
1655
1654
1653
1652
1651
1650
1649
1648
1647
1646
1645
1517
1518
1519
1520
1521
1522
1523
1524
1525
1526
1527
1528
1529
1530
1531
1532
1533
1534
1535
1536
1408
1407
1406
1405
1404
1403
1402
1401
1400
1399
1398
1270
1142
1141
1140
1139
1138
1137
1136
1135
1134
1133
1132
1131
1259
1260
1261
1262
1263
1264
1265
1266
1267
1268
1269
1397
1396
1395
1394
1393
1392
1391
1390
1389
1388
1387
1386
1258
1130
1129
1257
1385
1513
1512
1511
1639
1640
1767
1768
1896
2024
2025
1897
1769
1770
1898
2026
2027
2028
2029
2030
2031
2032
2033
2034
2162
2161
2160
2159
2158
2157
2156
2155
2154
2153
2281
2280
2152
2151
2279
2407
2408
2409
2410
2282
2283
2284
2285
2286
2287
2415
2288
2289
2416
2543
2670
2797
2796
2669
2668
2540
2541
2542
2414
2413
2412
2411
2539
2538
2537
2536
2535
2534
2406
2278
2150
2022
2023
1895
1894
2021
1893
2020
2147
2274
2273
2400
2399
2398
2270
2271
2272
2144
2145
2146
2018
2017
2019
1891
1892
1764
1765
1766
1638
1637
1636
1763
1762
1761
1760
1888
1889
1890
2016
2015
2014
2013
1885
1886
1887
1759
1758
1757
1756
1755
1629
1630
1503
1376
1249
1122
995
994
866
867
868
740
741
613
614
486
487
488
489
490
491
492
364
363
362
234
235
236
237
365
493
494
495
496
497
498
499
500
501
502
503
504
505
506
507
635
634
633
632
631
630
629
628
627
626
625
624
623
622
621
620
619
747
748
749
750
751
879
878
877
876
875
874
873
745
746
618
617
616
615
742
743
744
872
871
870
869
996
997
1123
1250
1377
1505
1504
1631
1632
1633
1634
1635
1507
1506
1378
1379
1251
1252
1124
1125
1253
1381
1380
1508
1509
1510
1382
1383
1384
1256
1255
1254
1126
998
999
1127
1128
1000
1001
1002
1003
1004
1005
1006
1007
1008
1009
1010
1011
1012
1013
1014
1015
1143
1271
1272
1273
1274
1275
1276
1277
1278
1279
1280
1152
1151
1150
1149
1148
1147
1146
1145
1144
1016
1017
1018
1019
1020
1021
1022
1023
1024
896
895
894
893
892
891
890
889
888
887
886
885
884
883
882
881
880
752
753
754
755
756
757
758
759
760
761
762
763
764
765
766
767
768
640
639
638
637
636
508
509
381
382
510
511
512
384
383
255
256
128
127
254
126
253
380
379
252
125
124
123
122
121
249
250
251
378
377
376
248
120
119
247
375
374
373
372
371
370
369
368
367
366
238
239
240
241
242
243
244
245
246
118
117
116
115
114
113
112
111
110
109
108
107
106
105
104
103
102
101
229
230
231
232
233
361
360
359
358
357
485
612
484
356
355
354
226
227
228
100
99
98
97
96
95
94
93
92
91
90
89
88
87
86
85
84
83
82
81
80
79
207
335
336
208
209
337
338
210
211
212
339
340
213
214
215
216
217
218
346
473
345
344
472
471
343
342
470
469
341
468
467
466
465
464
463
462
334
206
78
77
205
204
76
75
203
331
332
333
461
589
590
591
592
593
594
595
596
597
598
599
600
601
729
728
727
726
725
724
723
722
721
720
719
718
717
716
588
460
459
587
715
714
713
712
711
839
840
841
842
843
844
845
846
847
848
849
850
851
852
853
981
982
854
855
983
984
856
857
985
986
858
730
731
859
987
988
860
732
604
603
602
474
475
476
348
347
219
220
221
222
223
224
225
353
352
351
479
607
735
734
606
478
350
349
477
605
733
861
862
863
991
1118
990
989
1117
1116
1115
1114
1113
1241
1242
1243
1244
1245
1119
992
864
736
608
480
481
482
483
611
739
738
610
609
737
865
993
1121
1120
1248
1246
1247
1375
1374
1373
1501
1500
1499
1626
1625
1753
1752
1751
1750
1749
1748
1875
1876
1877
1878
1879
1880
1754
1627
1628
1502
1372
1371
1370
1369
1368
1367
1366
1238
1239
1240
1112
1111
1110
1109
1108
980
979
978
977
976
975
974
973
972
971
970
969
968
967
966
965
964
1092
1091
1090
1218
1219
1347
1475
1603
1731
1859
1858
1986
1985
1984
1983
1855
1727
1728
1856
1857
1729
1730
1602
1601
1600
1599
1471
1343
1344
1472
1473
1474
1346
1345
1217
1216
1215
1087
1088
1089
961
833
832
960
959
831
703
704
705
577
578
579
580
708
707
706
834
962
963
835
836
837
838
710
709
581
582
583
584
585
586
458
330
202
74
73
201
329
457
456
328
200
72
71
199
198
70
69
197
196
68
67
195
194
66
65
193
192
64
63
191
190
62
61
189
188
60
59
187
186
58
57
185
184
56
55
183
182
54
53
181
180
52
51
179
178
50
49
177
176
48
47
175
174
46
45
173
172
44
43
171
170
42
41
169
168
40
39
167
166
38
37
165
164
36
35
163
162
34
33
161
160
32
31
159
158
30
29
157
156
28
27
155
154
26
25
153
152
24
23
151
150
22
21
149
148
20
19
18
17
16
15
14
13
12
11
10
9
8
7
135
136
137
138
139
140
141
142
143
144
145
146
147
275
274
273
272
271
270
269
268
267
266
265
264
263
262
261
260
259
131
132
133
134
6
5
4
3
2
130
258
386
514
642
770
898
1026
1154
1282
1410
1538
1666
1794
1922
2050
2178
2306
2434
2562
2690
2818
2946
3074
3202
3330
3458
3586
3714
3842
3970
4098
4226
4354
4482
4610
4738
4866
4994
5122
5250
5378
5506
5634
5762
5890
6018
6146
6274
6402
6530
6658
6786
6914
7042
7170
7298
7426
7554
7682
7810
7938
8066
8194
8322
8450
8578
8706
8834
8962
9090
9218
9346
9474
9602
9730
9858
9986
10114
10242
10370
10498
10626
10754
10882
11010
11138
11266
11394
11522
11650
11778
11906
12034
12162
12290
12418
12546
12674
12802
12930
13058
13186
13314
13442
13570
13698
13826
13954
14082
14210
14338
14466
14594
14722
14850
14978
15106
15234
15362
15490
15618
15746
15874
16002
16130
16258
16259
16260
16261
16262
16263
16264
16265
16266
16267
16268
16140
16141
16269
16270
16271
16143
16142
16014
16015
16016
16017
16018
16019
16020
16021
15893
15892
15891
15890
15762
15761
15889
15888
15887
15886
15758
15759
15760
15632
15631
15630
15629
15757
15756
15628
15627
15626
15625
15624
15623
15622
15750
15751
15752
15753
15754
15755
15883
15884
15885
16013
16012
16011
16139
16138
16137
16009
16010
15882
15881
15880
16008
16136
16135
16007
15879
15878
15877
15749
15748
15876
16004
16005
16006
16134
16133
16132
16131
16003
15875
15747
15619
15620
15621
15493
15365
15364
15492
15491
15363
15235
15236
15108
15107
14979
14980
14981
14982
15110
15109
15237
15238
15239
15240
15368
15367
15366
15494
15495
15496
15497
15498
15370
15369
15241
15113
15114
15242
15243
15244
15245
15246
15374
15373
15372
15371
15499
15500
15501
15502
15503
15375
15247
15248
15249
15121
14993
14992
15120
15119
14991
14990
15118
15117
14989
14988
15116
15115
14987
14986
14985
14984
15112
15111
14983
14855
14727
14726
14854
14853
14725
14724
14852
14851
14723
14595
14596
14597
14598
14599
14600
14601
14602
14603
14604
14605
14606
14734
14733
14732
14731
14730
14729
14728
14856
14857
14858
14859
14860
14861
14862
14863
14864
14865
14866
14867
14868
14740
14739
14738
14737
14736
14735
14607
14608
14609
14610
14611
14612
14613
14741
14869
14870
14871
14743
14742
14614
14615
14616
14617
14745
14744
14872
14873
14874
14875
14876
14877
14878
14879
14880
14881
14753
14752
14751
14750
14749
14748
14747
14746
14618
14619
14620
14621
14622
14623
14624
14625
14626
14498
14497
14496
14368
14367
14495
14494
14493
14365
14366
14238
14237
14236
14235
14363
14364
14492
14491
14490
14362
14361
14489
14488
14487
14486
14358
14230
14229
14228
14356
14357
14485
14484
14483
14482
14481
14480
14352
14351
14479
14478
14477
14476
14475
14474
14346
14345
14473
14472
14471
14343
14344
14216
14215
14214
14342
14470
14469
14468
14467
14339
14211
14083
14084
14212
14340
14341
14213
14085
14086
14087
14088
14089
14217
14218
14090
14091
14219
14347
14348
14349
14350
14222
14221
14220
14092
14093
14094
14095
14223
14224
14096
14097
14098
14226
14225
14353
14354
14355
14227
14099
14100
14101
14102
14103
14231
14359
14360
14232
14104
14105
14233
14234
14106
14107
14108
14109
14110
14111
14239
14240
14112
14113
14114
14115
14116
14117
14118
14119
14120
14121
14122
14123
14124
14252
14253
14125
14126
14127
14128
14256
14255
14254
14382
14383
14511
14510
14509
14381
14380
14508
14507
14379
14251
14250
14249
14248
14247
14375
14376
14377
14378
14506
14505
14504
14503
14502
14374
14246
14245
14373
14372
14244
14243
14242
14241
14369
14370
14371
14499
14500
14501
14629
14628
14627
14755
14754
14882
14883
14884
14756
14757
14885
14886
14887
14888
14889
14890
14762
14761
14760
14759
14758
14630
14631
14632
14633
14634
14635
14636
14764
14763
14891
14892
14893
14894
14895
14896
14768
14767
14766
14765
14637
14638
14639
14640
14641
14642
14770
14769
14897
14898
14899
14771
14643
14644
14645
14646
14774
14773
14772
14900
14901
14902
14903
14775
14776
14904
14905
14906
14778
14777
14649
14648
14647
14519
14520
14521
14393
14394
14395
14267
14266
14265
14264
14392
14391
14263
14262
14261
14260
14388
14389
14390
14518
14517
14516
14515
14387
14386
14514
14513
14512
14384
14385
14257
14129
14130
14258
14259
14131
14132
14133
14134
14135
14136
14137
14138
14139
14140
14268
14269
14141
14142
14143
14271
14270
14398
14399
14400
14528
14527
14526
14525
14397
14396
14524
14523
14522
14650
14651
14779
14907
14908
14909
14781
14780
14652
14653
14654
14782
14910
14911
14912
14913
14914
14915
14916
14917
14918
14919
14791
14790
14789
14788
14787
14786
14785
14784
14783
14655
14656
14657
14658
14659
14660
14661
14662
14663
14664
14665
14793
14792
14920
14921
14922
14794
14795
14923
14924
14925
14926
14798
14670
14669
14797
14796
14668
14667
14666
14538
14539
14540
14412
14413
14541
14542
14414
14286
14285
14284
14283
14411
14410
14282
14281
14409
14537
14536
14535
14534
14533
14532
14531
14403
14402
14530
14529
14401
14273
14272
14144
14145
14146
14274
14275
14147
14148
14276
14404
14405
14277
14149
14150
14278
14406
14407
14408
14280
14279
14151
14152
14153
14154
14155
14156
14157
14158
14159
14287
14288
14160
14161
14162
14163
14291
14290
14289
14417
14416
14415
14543
14544
14545
14546
14418
14419
14547
14548
14549
14550
14551
14552
14553
14425
14297
14169
14168
14296
14424
14423
14295
14167
14166
14294
14422
14421
14420
14292
14293
14165
14164
14036
14035
13907
13908
13780
13781
13909
14037
14038
14039
14040
13912
13784
13783
13911
13910
13782
13654
13655
13656
13657
13785
13786
13787
13915
13914
13913
14041
14042
14043
14044
13916
13917
14045
14046
13918
13790
13789
13788
13660
13661
13662
13663
13791
13792
13664
13665
13666
13667
13795
13794
13793
13921
13922
13923
13924
13796
13797
13925
14053
14052
14051
14050
14049
14048
13920
13919
14047
14175
14174
14173
14301
14300
14172
14171
14170
14298
14299
14427
14426
14554
14555
14556
14428
14429
14557
14558
14559
14560
14432
14431
14430
14302
14303
14304
14176
14177
14178
14179
14307
14306
14305
14433
14561
14562
14434
14435
14563
14564
14565
14566
14438
14310
14309
14437
14436
14308
14180
14181
14182
14183
14184
14312
14311
14439
14440
14568
14567
14695
14696
14697
14698
14699
14700
14701
14702
14830
14829
14828
14827
14826
14825
14824
14823
14822
14694
14693
14692
14691
14819
14818
14690
14689
14688
14687
14815
14814
14686
14685
14813
14812
14684
14683
14682
14681
14809
14808
14680
14679
14678
14677
14676
14675
14803
14802
14674
14673
14801
14800
14672
14671
14799
14927
14928
14929
14930
14931
14932
14804
14805
14933
14934
14806
14807
14935
14936
14937
14938
14810
14811
14939
14940
14941
14942
14943
14944
14816
14817
14945
14946
14947
14948
14820
14821
14949
14950
14951
14952
14953
14954
14955
14956
14957
14958
15086
15085
15084
15083
15082
15081
15209
15337
15338
15210
15211
15339
15340
15212
15213
15214
15342
15341
15469
15597
15596
15468
15467
15595
15594
15466
15465
15593
15592
15720
15719
15718
15717
15589
15461
15460
15459
15587
15588
15716
15715
15843
15842
15714
15713
15712
15711
15710
15582
15454
15453
15581
15580
15452
15451
15579
15578
15577
15576
15448
15447
15575
15703
15704
15705
15706
15707
15708
15709
15837
15836
15835
15834
15833
15832
15831
15959
15960
15961
16089
16090
15962
15963
16091
16219
16218
16217
16216
16088
16087
16215
16214
16213
16085
16086
15958
15957
15956
15955
15954
15953
15825
15826
15827
15828
15829
15830
15702
15701
15700
15699
15698
15697
15569
15568
15440
15441
15442
15570
15571
15572
15573
15574
15446
15445
15444
15443
15315
15187
15188
15316
15317
15318
15319
15191
15192
15320
15321
15449
15450
15322
15323
15324
15325
15197
15198
15326
15327
15328
15329
15457
15456
15455
15583
15584
15585
15586
15458
15330
15331
15203
15204
15332
15333
15334
15462
15590
15591
15463
15464
15336
15335
15207
15208
15080
15079
15078
15206
15205
15077
15076
15075
15074
15202
15201
15073
15072
15200
15199
15071
15070
15069
15068
15196
15195
15067
15066
15194
15193
15065
15064
15063
15062
15190
15189
15061
15060
15059
15058
15186
15314
15313
15312
15311
15183
15184
15185
15057
15056
15055
15054
15053
15052
15051
15179
15180
15181
15182
15310
15438
15439
15567
15566
15565
15564
15436
15437
15309
15308
15307
15306
15178
15050
15049
15177
15305
15304
15303
15175
15176
15048
15047
15046
15174
15302
15430
15431
15432
15433
15561
15560
15559
15558
15557
15429
15428
15556
15555
15554
15426
15427
15299
15298
15170
15171
15172
15300
15301
15173
15045
15044
15043
15042
15041
15040
15039
15038
15166
15165
15037
15036
15035
15034
15162
15161
15033
15032
15160
15159
15031
15030
15029
15028
15027
15026
15025
15024
15023
15022
15150
15149
15021
15020
15148
15276
15275
15147
15019
15018
15146
15274
15273
15145
15017
15016
15015
15014
15142
15143
15144
15272
15271
15270
15269
15141
15013
15012
15011
15010
15009
15008
15007
15006
15005
15004
15003
15002
15001
15000
15128
15127
14999
14998
14997
14996
14995
14994
15122
15250
15251
15123
15124
15125
15126
15254
15255
15256
15257
15129
15130
15258
15386
15387
15259
15131
15132
15133
15134
15135
15136
15137
15138
15139
15140
15268
15267
15266
15265
15393
15394
15395
15523
15522
15521
15520
15519
15391
15392
15264
15263
15262
15261
15260
15388
15389
15390
15518
15517
15516
15515
15514
15513
15385
15384
15383
15511
15512
15640
15639
15638
15637
15636
15508
15509
15510
15382
15381
15253
15252
15380
15379
15507
15506
15378
15377
15376
15504
15505
15633
15634
15635
15763
15764
15765
15766
15894
16022
16150
16149
16148
16147
16146
16145
16144
16272
16273
16274
16275
16276
16277
16278
16279
16280
16281
16153
16154
16282
16283
16284
16156
16155
16027
16026
16025
16024
16152
16151
16023
15895
15767
15768
15896
15897
15898
15899
15771
15770
15769
15641
15642
15643
15644
15772
15773
15645
15646
15647
15648
15649
15650
15651
15779
15778
15777
15776
15775
15774
15902
15901
15900
16028
16029
16030
16158
16157
16285
16286
16287
16159
16160
16288
16289
16290
16291
16292
16293
16165
16037
16036
16164
16163
16035
16034
16162
16161
16033
16032
16031
15903
15904
15905
15906
15907
15908
15780
15781
15909
15910
15911
15912
15913
15914
16042
16041
16040
16168
16167
16039
16038
16166
16294
16295
16296
16297
16169
16170
16298
16299
16300
16301
16302
16303
16175
16176
16304
16305
16306
16178
16177
16049
16050
16051
16052
16180
16179
16307
16308
16309
16310
16311
16312
16313
16314
16315
16316
16188
16187
16186
16058
16059
16060
16061
15933
15932
15931
15930
15929
16057
16185
16184
16056
15928
15800
15799
15927
16055
16183
16182
16181
16053
16054
15926
15925
15924
15923
15922
15921
15793
15794
15795
15796
15797
15798
15670
15671
15672
15544
15416
15415
15543
15542
15414
15413
15412
15411
15410
15409
15537
15538
15539
15540
15541
15669
15668
15667
15666
15665
15664
15792
15791
15663
15662
15661
15660
15788
15789
15790
15918
15919
15920
16048
16047
16046
16174
16173
16172
16171
16043
16044
16045
15917
15916
15915
15787
15786
15785
15784
15783
15782
15654
15653
15652
15524
15396
15397
15525
15526
15398
15399
15400
15401
15529
15528
15527
15655
15656
15657
15658
15659
15531
15530
15402
15403
15404
15532
15533
15405
15277
15278
15406
15534
15535
15536
15408
15407
15279
15151
15152
15280
15281
15153
15154
15282
15283
15155
15156
15284
15285
15157
15158
15286
15287
15288
15289
15417
15545
15546
15547
15548
15420
15419
15418
15290
15291
15163
15164
15292
15293
15294
15295
15167
15168
15169
15297
15296
15424
15425
15553
15552
15551
15423
15422
15421
15549
15550
15678
15677
15676
15675
15674
15673
15801
15802
15803
15804
15805
15806
15934
15935
15936
16064
16063
16062
16190
16189
16317
16318
16319
16191
16192
16320
16321
16322
16194
16193
16065
16066
16067
15939
15938
15937
15809
15808
15807
15679
15680
15681
15682
15810
15811
15683
15684
15685
15686
15814
15815
15687
15688
15816
15817
15689
15690
15562
15434
15435
15563
15691
15692
15820
15821
15693
15694
15695
15696
15824
15823
15822
15950
15951
15952
16080
16079
16078
16206
16205
16204
16203
16202
16074
16075
16076
16077
15949
15948
15947
15819
15818
15946
15945
15944
16072
16073
16201
16200
16199
16071
15943
15942
15941
15813
15812
15940
16068
16069
16070
16198
16197
16196
16195
16323
16324
16325
16326
16327
16328
16329
16330
16331
16332
16333
16334
16335
16207
16208
16336
16337
16338
16210
16209
16081
16082
16083
16084
16212
16211
16339
16340
16341
16342
16343
16344
16345
16346
16347
16348
16220
16221
16349
16350
16351
16223
16222
16094
16093
16092
15964
15965
15966
15838
15839
15840
15841
15969
15968
15967
16095
16096
16097
16225
16224
16352
16353
16354
16226
16227
16355
16356
16357
16358
16359
16360
16361
16362
16363
16364
16365
16237
16238
16366
16367
16239
16111
16110
16109
16108
16236
16235
16234
16233
16232
16104
15976
15975
16103
16231
16230
16102
16101
16229
16228
16100
16099
16098
15970
15971
15972
15844
15845
15973
15974
15846
15847
15848
15849
15721
15722
15723
15724
15725
15726
15854
15853
15852
15851
15850
15978
15977
16105
16106
16107
15979
15980
15981
15982
15983
15855
15727
15599
15598
15470
15471
15343
15215
15087
14959
14831
14703
14575
14447
14319
14318
14446
14574
14573
14445
14444
14572
14571
14570
14569
14441
14313
14185
14186
14314
14442
14443
14315
14187
14188
14316
14317
14189
14190
14191
14063
13935
13807
13806
13805
13804
13676
13677
13678
13679
13551
13423
13295
13294
13422
13550
13549
13548
13547
13675
13674
13546
13545
13673
13801
13802
13803
13931
13932
13933
13934
14062
14061
14060
14059
14058
13930
13929
14057
14056
14055
14054
13926
13927
13928
13800
13799
13798
13670
13671
13672
13544
13543
13542
13541
13669
13668
13540
13539
13538
13537
13536
13535
13534
13533
13532
13531
13659
13658
13530
13529
13528
13527
13526
13525
13653
13652
13524
13523
13522
13521
13649
13650
13651
13779
13778
13777
13905
13906
14034
14033
14032
13904
13903
14031
14030
13902
13774
13773
13772
13644
13645
13646
13647
13775
13776
13648
13520
13519
13518
13517
13516
13515
13643
13642
13514
13513
13641
13769
13768
13767
13895
13896
13897
13898
13770
13771
13899
13900
13901
14029
14028
14027
14026
14025
14024
14023
14022
14021
14020
14019
14018
13890
13891
13892
13764
13765
13893
13894
13766
13638
13639
13640
13512
13511
13510
13509
13637
13636
13508
13507
13506
13505
13504
13503
13502
13630
13631
13759
13760
13632
13633
13634
13635
13763
13762
13761
13889
14017
14016
13888
13887
14015
14014
14013
14012
14011
14010
14009
14008
14007
14006
14005
14004
14003
14002
14001
14000
13872
13871
13999
13998
13997
13996
13868
13869
13870
13742
13743
13744
13616
13615
13614
13613
13741
13740
13612
13611
13610
13609
13737
13738
13739
13867
13995
13994
13866
13865
13993
13992
13991
13990
13989
13988
13860
13859
13987
13986
13985
13984
13856
13857
13858
13730
13729
13728
13727
13726
13598
13599
13600
13472
13345
13473
13601
13602
13474
13475
13347
13346
13218
13219
13220
13348
13476
13604
13603
13731
13732
13733
13861
13862
13863
13864
13736
13735
13734
13606
13605
13477
13478
13479
13607
13608
13480
13481
13482
13483
13484
13485
13486
13487
13488
13489
13617
13618
13619
13747
13746
13745
13873
13874
13875
13876
13748
13749
13877
13878
13879
13880
13881
13882
13754
13755
13883
13884
13885
13886
13758
13757
13756
13628
13629
13501
13500
13499
13627
13626
13498
13497
13625
13753
13752
13751
13750
13622
13623
13624
13496
13495
13494
13493
13621
13620
13492
13491
13490
13362
13361
13360
13232
13231
13359
13358
13357
13356
13355
13354
13226
13225
13353
13352
13351
13350
13349
13221
13222
13094
13095
13223
13224
13096
12968
12967
12966
12838
12839
12840
12841
12969
13097
13098
12970
12971
12972
13100
13099
13227
13228
13229
13230
13102
13101
12973
12974
12975
13103
13104
12976
12977
12978
12979
13107
13106
13105
13233
13234
13235
13363
13364
13365
13366
13367
13368
13369
13370
13371
13372
13373
13374
13375
13376
13377
13378
13250
13251
13379
13380
13381
13382
13383
13384
13385
13386
13387
13388
13389
13390
13391
13392
13393
13394
13395
13396
13397
13398
13399
13400
13401
13402
13403
13404
13405
13406
13407
13279
13280
13408
13409
13410
13411
13412
13413
13414
13415
13416
13417
13418
13419
13420
13421
13293
13292
13291
13290
13289
13288
13160
13159
13287
13286
13285
13284
13283
13282
13281
13153
13154
13155
13156
13157
13158
13030
13029
13028
13027
13026
13025
13024
13152
13151
13023
13022
13150
13278
13277
13276
13275
13274
13273
13272
13271
13270
13269
13141
13142
13143
13144
13145
13146
13147
13148
13149
13021
13020
13019
13018
12890
12891
12892
12764
12763
12762
12761
12760
12759
12758
12757
12756
12755
12754
12753
12752
12751
12750
12749
12877
12878
12879
12880
12881
12882
12883
12884
12885
12886
12887
12888
12889
13017
13016
13015
13014
13013
13012
13011
13010
13009
13008
13007
13006
13005
13004
12876
12748
12620
12621
12622
12623
12624
12625
12626
12627
12628
12629
12630
12631
12632
12633
12634
12635
12636
12637
12638
12639
12511
12510
12509
12382
12383
12384
12257
12385
12513
12512
12640
12768
12767
12766
12765
12893
12894
12895
12896
12897
12769
12641
12642
12770
12898
12899
12900
12901
12902
12774
12773
12772
12771
12643
12644
12645
12646
12647
12775
12776
12648
12649
12777
12905
12904
12903
13031
13032
13033
13161
13162
13163
13164
13165
13037
13036
13035
13034
12906
12907
12908
12909
12910
13038
13166
13167
13039
12911
12783
12782
12781
12780
12779
12778
12650
12651
12523
12395
12267
12139
12011
11883
11755
11627
11626
11625
11624
11752
11753
11754
11882
12010
12138
12266
12394
12522
12521
12393
12392
12520
12519
12391
12390
12518
12517
12516
12515
12514
12386
12258
12259
12387
12388
12389
12261
12260
12132
12131
12130
12003
12004
11877
12005
12133
12134
12262
12263
12135
12136
12264
12265
12137
12009
11881
11880
12008
12007
12006
11878
11879
11751
11623
11750
11749
11876
11748
11747
11746
11745
11617
11618
11619
11491
11490
11489
11488
11487
11359
11360
11361
11233
11105
10977
10976
10975
10974
10973
10972
10971
10970
10969
10968
10967
10966
10965
10964
10836
10837
10838
10839
10840
10841
10842
10843
10844
10845
10846
10847
10848
10849
10850
10978
11106
11234
11362
11363
11235
11107
10979
10851
10723
10595
10594
10722
10721
10593
10720
10719
10718
10717
10716
10715
10714
10713
10712
10711
10710
10709
10708
10707
10706
10834
10835
10963
10962
11090
11091
11092
11093
11094
11095
11096
11097
11098
11099
11100
11101
11102
11103
11104
11232
11231
11230
11229
11228
11227
11226
11354
11482
11610
11611
11612
11613
11485
11484
11483
11355
11356
11357
11358
11486
11614
11615
11616
11744
11743
11742
11741
11740
11739
11738
11866
11867
11868
11869
11870
11871
11872
11873
11874
11875
12002
12001
12000
11999
11998
11997
11996
11995
11994
11993
11865
11737
11609
11481
11353
11225
11224
11352
11480
11608
11736
11864
11992
12120
12121
12122
12123
12124
12125
12126
12127
12128
12129
12256
12255
12254
12253
12252
12251
12250
12249
12248
12376
12377
12378
12379
12380
12381
12508
12507
12506
12505
12504
12503
12502
12501
12500
12499
12498
12370
12371
12372
12373
12374
12375
12247
12119
11991
11863
11735
11607
11479
11351
11223
11222
11221
11220
11219
11218
11217
11089
10961
10960
10959
10958
10957
10829
10830
10702
10701
10700
10699
10571
10443
10315
10187
10059
10058
10186
10314
10442
10570
10698
10826
10827
10828
10956
10955
10954
10953
10952
10951
10823
10822
10950
10821
10692
10564
10436
10437
10438
10566
10565
10693
10694
10695
10567
10439
10311
10310
10309
10308
10181
10182
10183
10184
10312
10440
10568
10696
10824
10825
10697
10569
10441
10313
10185
10057
10056
10055
10054
10053
9925
9926
9798
9797
9669
9670
9671
9799
9927
9928
9929
9930
9931
9932
10060
10188
10316
10444
10572
10573
10574
10575
10576
10704
10703
10831
10832
10833
10705
10577
10578
10579
10580
10581
10582
10583
10584
10585
10586
10587
10588
10589
10590
10591
10592
10465
10337
10209
10081
9953
9825
9697
9569
9441
9313
9185
9057
8928
8799
8670
8541
8540
8539
8538
8537
8536
8535
8534
8661
8662
8663
8664
8665
8666
8667
8668
8669
8798
8927
9056
9184
9312
9440
9568
9696
9824
9952
10080
10208
10207
10335
10336
10464
10463
10462
10461
10460
10459
10458
10457
10456
10328
10329
10330
10331
10332
10333
10334
10206
10205
10204
10203
10202
10201
10200
10199
10327
10455
10454
10326
10198
10070
10071
10072
10073
10074
10075
10076
10077
10078
10079
9951
9950
9949
9948
9947
9946
9945
9944
9943
9942
9941
10069
10197
10325
10453
10452
10451
10450
10449
10321
10193
10065
9937
9809
9681
9553
9425
9297
9170
9298
9426
9554
9555
9556
9557
9558
9559
9431
9303
9302
9430
9429
9301
9300
9428
9427
9299
9171
9172
9173
9174
9175
9176
9177
9178
9306
9434
9433
9305
9304
9432
9560
9561
9562
9563
9435
9307
9179
9180
9308
9436
9564
9692
9691
9690
9689
9688
9687
9686
9685
9684
9683
9682
9810
9811
9939
9938
10066
10067
10195
10194
10322
10323
10324
10196
10068
9940
9812
9813
9814
9815
9816
9817
9818
9819
9820
9821
9693
9565
9437
9309
9181
9182
9310
9438
9566
9694
9822
9823
9695
9567
9439
9311
9183
9055
9054
9053
9052
9051
9050
9049
9048
9047
9046
9045
9044
9043
8916
8917
8918
8919
8920
8921
8922
8923
8924
8925
8926
8797
8796
8795
8794
8793
8792
8791
8790
8789
8788
8915
9042
9169
9296
9295
9294
9293
9292
9291
9290
9289
9288
9287
9286
9285
9284
9283
9282
9281
9280
9279
9278
9277
9276
9275
9274
9273
9145
9017
9018
9146
9147
9019
9020
9148
9149
9021
9022
9150
9151
9152
9153
9154
9155
9027
8899
8771
8770
8769
8768
8896
8897
8898
9026
9025
9024
9023
8895
8894
8893
8892
8891
8890
8889
8888
8760
8761
8762
8763
8764
8765
8766
8767
8639
8638
8637
8636
8635
8634
8633
8632
8504
8505
8506
8507
8379
8378
8377
8376
8375
8374
8373
8372
8371
8370
8242
8243
8244
8245
8246
8247
8248
8249
8250
8251
8252
8253
8254
8126
7998
7999
8127
8255
8383
8382
8381
8380
8508
8509
8510
8511
8512
8640
8641
8642
8643
8644
8645
8646
8647
8648
8649
8650
8651
8652
8653
8654
8655
8656
8657
8658
8659
8786
8913
8785
8784
8783
8782
8781
8780
8779
8778
8777
8776
8775
8774
8773
8772
8900
9028
9156
9157
9029
8901
8902
8903
8904
8905
8906
8907
8908
8909
8910
8911
8912
9040
9039
9038
9037
9036
9035
9034
9033
9032
9031
9030
9158
9159
9160
9161
9162
9163
9164
9165
9166
9167
9168
9041
8914
8787
8660
8533
8532
8531
8530
8529
8528
8400
8272
8144
8145
8273
8401
8402
8403
8404
8405
8406
8407
8408
8409
8410
8411
8412
8413
8414
8415
8287
8159
8031
8030
8158
8286
8285
8157
8029
8028
8156
8284
8283
8282
8281
8280
8279
8278
8277
8276
8275
8274
8146
8147
8148
8149
8150
8151
8152
8153
8154
8155
8027
8026
8025
8024
8023
8022
8021
7893
7765
7637
7638
7639
7767
7766
7894
7895
7896
7768
7640
7641
7642
7643
7644
7772
7771
7770
7769
7897
7898
7899
7900
7901
7902
7903
7775
7776
7904
8032
8160
8288
8416
8544
8545
8673
8674
8802
8803
8675
8676
8677
8678
8679
8680
8681
8682
8683
8684
8685
8813
8812
8811
8939
8940
8941
8942
8814
8686
8687
8815
8943
9071
9070
9069
9068
9067
9066
9065
9064
8936
8937
8938
8810
8809
8808
8807
8806
8934
8935
9063
9062
9190
9191
9319
9318
9317
9316
9444
9445
9446
9447
9448
9449
9450
9451
9452
9453
9454
9582
9581
9580
9579
9578
9577
9576
9575
9574
9573
9572
9571
9443
9315
9187
9059
9060
9188
9189
9061
8933
8805
8804
8932
8931
8930
8801
8672
8543
8542
8671
8800
8929
9058
9186
9314
9442
9570
9698
9826
9954
10082
10210
10338
10466
10467
10468
10469
10470
10598
10726
10727
10855
10854
10982
10983
10984
10856
10728
10600
10599
10471
10472
10473
10601
10729
10857
10985
11113
11112
11111
11110
11109
10981
10853
10725
10597
10596
10724
10852
10980
11108
11236
11364
11492
11620
11621
11622
11495
11496
11497
11498
11499
11500
11628
11756
11884
12012
12140
12268
12396
12524
12652
12653
12654
12655
12525
12397
12269
12270
12271
12272
12273
12274
12275
12276
12277
12278
12279
12407
12406
12405
12404
12403
12402
12401
12400
12528
12399
12527
12398
12526
12656
12784
12912
13040
13168
13296
13424
13552
13680
13808
13936
14064
14192
14320
14448
14576
14704
14832
14960
15088
15216
15344
15472
15600
15728
15856
15984
16112
16240
16368
16496
16495
16494
16493
16492
16491
16490
16489
16488
16487
16486
16485
16484
16483
16482
16481
16480
16479
16478
16477
16476
16475
16474
16473
16472
16471
16470
16469
16468
16467
16466
16465
16464
16463
16462
16461
16460
16459
16458
16457
16456
16455
16454
16453
16452
16451
16450
16449
16448
16447
16446
16445
16444
16443
16442
16441
16440
16439
16438
16437
16436
16435
16434
16433
16432
16431
16430
16429
16428
16427
16426
16425
16424
16423
16422
16421
16420
16419
16418
16417
16416
16415
16414
16413
16412
16411
16410
16409
16408
16407
16406
16405
16404
16403
16402
16401
16400
16399
16398
16397
16396
16395
16394
16393
16392
16391
16390
16389
16388
16387
16386
16385
16257
16129
16001
15873
15745
15617
15489
15361
15233
15105
14977
14849
14721
14593
14465
14337
14209
14081
13953
13825
13697
13569
13441
13313
13185
13057
12929
12801
12673
12545
12417
12289
12161
12033
11905
11777
11649
11521
11393
11265
11137
11009
10881
10753
10625
10497
10369
10241
10113
9985
9857
9729
9601
9473
9345
9217
9089
8961
8833
8705
8577
8449
8321
8193
8065
7937
7809
7681
7553
7425
7297
7169
7041
6913
6785
6657
6529
6401
6273
6145
6017
5889
5761
5633
5505
5377
5249
5121
4993
4865
4737
4609
4481
4353
4225
4097
3969
3841
3713
3585
3457
3329
3201
3073
2945
2817
2689
2561
2433
2305
2177
2049
1921
1793
1665
1537
1409
1281
1153
1025
897
769
641
513
385
257
129
16512
-1
EOF
