NAME : test.18787711.tour
COMMENT : Length = 18787711
COMMENT : Found by LKH [Keld Helsgaun] Sun Jan 22 21:07:31 2023
TYPE : TOUR
DIMENSION : 16512
TOUR_SECTION
1
258
387
516
645
774
903
1032
1161
1290
1419
1548
1677
1806
1935
2064
2193
2322
2451
2580
2709
2838
2967
3096
3225
3354
3483
3612
3741
3870
3999
4128
4257
4386
4515
4644
4773
4902
5031
5160
5289
5418
5547
5676
5805
5934
6063
6192
6321
6450
6579
6708
6837
6966
7095
7224
7353
7482
7611
7740
7869
7998
8127
8256
8385
8514
8643
8772
8901
9030
9159
9288
9417
9546
9675
9804
9933
10062
10191
10320
10449
10578
10707
10836
10965
11094
11223
11352
11481
11610
11739
11868
11997
12126
12255
12384
12513
12642
12771
12900
13029
13158
13287
13416
13545
13674
13803
13932
14061
14190
14319
14448
14577
14706
14835
14964
15093
15222
15351
15480
15609
15738
15867
15996
16125
16254
16383
16384
16511
16510
16509
16508
16507
16506
16505
16504
16503
16502
16501
16500
16499
16498
16497
16496
16495
16494
16493
16492
16491
16490
16489
16488
16487
16486
16485
16484
16483
16482
16481
16480
16479
16478
16477
16476
16475
16474
16473
16472
16471
16470
16469
16468
16467
16466
16465
16464
16463
16462
16461
16460
16459
16458
16457
16456
16455
16454
16453
16452
16451
16450
16449
16448
16447
16446
16445
16444
16443
16442
16441
16440
16439
16438
16437
16436
16435
16434
16433
16432
16431
16430
16429
16428
16427
16426
16425
16424
16423
16422
16421
16420
16419
16418
16417
16416
16415
16414
16413
16412
16411
16410
16409
16408
16407
16406
16405
16404
16403
16402
16273
16274
16275
16276
16277
16278
16279
16280
16281
16282
16283
16284
16285
16156
16157
16286
16287
16288
16159
16158
16029
16028
16027
16026
16155
16154
16153
16152
16151
16150
16021
16020
16149
16148
16019
15890
15891
15892
15893
16022
16023
15894
15895
16024
16025
15896
15767
15768
15897
15898
15899
15900
15771
15772
15773
15644
15643
15642
15641
15770
15769
15640
15639
15638
15509
15380
15381
15510
15511
15512
15383
15382
15253
15254
15255
15384
15513
15514
15385
15256
15127
15126
15125
14996
14997
14998
14999
15128
15257
15258
15129
15130
15259
15260
15389
15390
15391
15520
15519
15518
15517
15388
15387
15386
15515
15516
15645
15646
15775
15774
15903
15902
15901
16030
16031
16032
16161
16160
16289
16290
16291
16162
16163
16292
16293
16294
16295
16296
16297
16298
16299
16300
16301
16172
16173
16302
16303
16304
16175
16174
16045
16044
16043
16042
16171
16170
16041
16040
16169
16168
16039
16038
16167
16166
16037
16036
16165
16164
16035
16034
16033
15904
15905
15906
15907
15908
15779
15778
15777
15776
15647
15648
15649
15650
15651
15652
15653
15654
15655
15656
15657
15786
15785
15784
15783
15782
15781
15780
15909
15910
15911
15912
15913
15914
15915
15916
15787
15658
15659
15788
15789
15660
15661
15662
15663
15792
15791
15790
15919
15918
15917
16046
16047
16048
16177
16176
16305
16306
16307
16178
16179
16308
16309
16310
16311
16312
16313
16314
16315
16316
16317
16318
16319
16320
16191
16190
16189
16188
16187
16186
16185
16184
16055
16054
16183
16182
16181
16180
16051
16050
16049
15920
15921
15922
15793
15794
15923
16052
16053
15924
15925
15926
15927
16056
16057
16058
15929
15928
15799
15800
15801
15672
15673
15802
15803
15674
15675
15804
15805
15676
15677
15678
15679
15680
15681
15682
15811
15810
15809
15808
15807
15806
15935
15934
15933
15932
15931
15930
16059
16060
16061
16062
16063
16064
16193
16192
16321
16322
16323
16194
16195
16324
16325
16326
16327
16328
16329
16330
16331
16332
16333
16334
16335
16336
16337
16338
16339
16210
16209
16208
16207
16206
16205
16204
16203
16202
16073
16074
15945
15944
15943
16072
16201
16200
16199
16198
16069
16068
16197
16196
16067
16066
16065
15936
15937
15938
15939
15940
15941
16070
16071
15942
15813
15812
15683
15684
15685
15814
15815
15816
15817
15818
15819
15820
15691
15692
15821
15822
15693
15694
15823
15824
15695
15696
15697
15698
15699
15700
15701
15830
15829
15828
15827
15826
15825
15954
15953
15952
15951
15950
15949
15948
15947
15946
16075
16076
16077
16078
16079
16080
16081
16082
16083
16212
16211
16340
16341
16342
16213
16214
16343
16344
16345
16346
16347
16348
16349
16350
16351
16352
16223
16224
16353
16354
16355
16356
16357
16358
16229
16230
16359
16360
16361
16362
16363
16364
16365
16366
16367
16368
16239
16238
16237
16108
16109
16110
16111
16240
16369
16370
16371
16242
16241
16112
16113
16114
16115
16244
16243
16372
16373
16374
16245
16246
16375
16376
16377
16378
16379
16380
16381
16382
16253
16124
15995
15866
15737
15608
15479
15350
15221
15092
14963
14834
14705
14576
14447
14318
14189
14060
13931
13802
13673
13544
13415
13286
13157
13028
12899
12770
12641
12512
12383
12254
12125
11996
11867
11738
11609
11480
11351
11222
11093
10964
10835
10706
10577
10448
10319
10190
10061
9932
9803
9674
9545
9416
9287
9158
9029
8900
8771
8642
8513
8384
8255
8126
7997
7868
7739
7610
7481
7352
7223
7094
6965
6836
6707
6578
6449
6320
6191
6062
5933
5804
5675
5546
5417
5288
5159
5030
4901
4772
4643
4514
4385
4256
4127
3998
3869
3740
3611
3482
3353
3224
3095
2966
2837
2708
2579
2450
2321
2192
2063
1934
1805
1676
1547
1418
1289
1160
1031
902
773
644
515
386
257
128
127
126
125
124
123
122
121
120
119
118
117
116
115
114
113
112
241
370
499
500
371
242
243
244
245
246
247
248
249
250
251
252
253
254
255
256
385
514
513
384
383
382
381
380
379
508
507
378
377
376
375
374
373
372
501
502
631
632
503
504
505
506
635
636
637
766
895
894
765
764
893
1022
1023
1024
1153
1152
1151
1280
1279
1408
1409
1410
1281
1282
1411
1412
1283
1154
1155
1284
1413
1414
1285
1156
1027
1026
1025
896
767
768
897
898
769
640
639
638
509
510
511
512
641
642
643
772
901
900
771
770
899
1028
1029
1030
1159
1158
1157
1286
1415
1416
1287
1288
1417
1546
1545
1544
1543
1542
1541
1540
1539
1538
1537
1536
1535
1534
1533
1404
1405
1406
1407
1278
1277
1148
1149
1150
1021
1020
891
892
763
634
633
762
761
890
1019
1018
1017
1146
1147
1276
1275
1274
1145
1016
887
888
889
760
759
630
629
758
757
628
627
756
886
1015
1144
1143
1142
1141
1270
1271
1272
1273
1402
1403
1532
1661
1790
1789
1788
1787
1916
1917
1918
1660
1531
1401
1400
1399
1398
1397
1526
1525
1396
1267
1268
1269
1140
1139
1138
1137
1266
1265
1136
1135
1264
1393
1394
1395
1524
1523
1522
1521
1520
1649
1650
1651
1652
1653
1654
1655
1656
1527
1528
1529
1530
1659
1658
1657
1786
1915
2044
2045
2174
2175
2046
2047
2176
2305
2304
2303
2302
2173
2172
2043
1914
1785
1784
1913
2042
2171
2300
2429
2558
2687
2686
2685
2684
2813
2942
3071
3070
3069
3198
3199
3200
3329
3330
3331
3332
3333
3462
3461
3460
3459
3458
3587
3588
3589
3590
3591
3592
3593
3594
3595
3596
3597
3598
3469
3468
3467
3466
3465
3464
3463
3334
3335
3336
3337
3338
3339
3340
3341
3470
3471
3342
3343
3344
3345
3346
3347
3476
3477
3348
3219
3218
3217
3216
3215
3214
3085
2956
2955
3084
3213
3212
3211
3210
3209
3208
3207
3206
3205
3204
3203
3202
3201
3072
2943
2814
2815
2944
3073
3074
2945
2816
2817
2818
2947
2946
3075
3076
3077
2948
2819
2690
2561
2560
2689
2688
2559
2430
2301
2431
2432
2433
2434
2306
2177
2048
1919
1920
1921
1792
1791
1662
1663
1664
1793
1922
2051
2052
2053
2054
2055
2056
1927
1926
1925
1924
1923
1794
1665
1666
1795
1796
1667
1668
1797
1798
1669
1670
1671
1672
1801
1800
1799
1928
1929
1930
1931
1932
1803
1802
1673
1674
1675
1804
1933
2062
2061
2060
2059
2058
2057
2186
2185
2184
2183
2182
2181
2180
2179
2050
2049
2178
2307
2436
2435
2564
2565
2566
2567
2568
2569
2570
2441
2440
2439
2438
2437
2308
2309
2310
2311
2312
2313
2314
2315
2316
2187
2188
2189
2190
2191
2320
2319
2318
2317
2446
2445
2444
2443
2442
2571
2572
2573
2574
2575
2704
2705
2576
2447
2448
2449
2578
2577
2706
2707
2836
2965
3094
3093
3092
2963
2964
2835
2834
2833
2962
2961
2960
2831
2832
2703
2702
2701
2830
2829
2700
2699
2698
2697
2696
2695
2824
2823
2694
2693
2692
2563
2562
2691
2820
2821
2822
2951
2950
2949
3078
3079
3080
3081
2952
2953
3082
3083
2954
2825
2826
2827
2828
2957
3086
3087
2958
2959
3088
3089
3090
3091
3220
3221
3222
3223
3352
3351
3350
3349
3478
3479
3480
3481
3610
3609
3608
3607
3606
3605
3604
3475
3474
3603
3602
3473
3472
3601
3600
3599
3728
3857
3856
3727
3726
3725
3724
3853
3854
3855
3984
3985
3986
3987
3988
3859
3858
3729
3730
3731
3860
3989
3990
3991
3862
3861
3732
3733
3734
3735
3864
3863
3992
3993
3994
3865
3736
3737
3866
3867
3738
3739
3868
3997
3996
3995
4124
4253
4254
4125
4126
4255
4384
4513
4642
4771
4900
4899
4898
4897
4896
4895
4894
4765
4764
4893
4892
4891
4890
4761
4762
4763
4634
4633
4632
4503
4504
4505
4506
4635
4636
4507
4508
4379
4380
4509
4510
4639
4638
4637
4766
4767
4768
4769
4770
4641
4640
4511
4512
4383
4382
4381
4252
4123
4122
4251
4250
4121
4120
4249
4378
4377
4376
4375
4374
4245
4246
4247
4248
4119
4118
4117
4116
4115
4114
4113
4242
4371
4372
4243
4244
4373
4502
4501
4500
4629
4630
4631
4760
4889
4888
4759
4758
4887
4886
4757
4756
4885
4884
4755
4754
4883
4882
4753
4624
4625
4626
4627
4628
4499
4370
4369
4498
4497
4368
4239
4238
4237
4236
4365
4366
4367
4496
4495
4494
4493
4364
4363
4492
4621
4750
4751
4622
4623
4752
4881
4880
4879
4878
4749
4748
4877
4876
4747
4618
4619
4620
4491
4490
4489
4488
4617
4616
4615
4744
4745
4746
4875
4874
4873
4872
4743
4742
4871
4870
4869
4868
4867
4866
4865
4736
4607
4606
4605
4734
4735
4864
4863
4862
4733
4732
4861
4860
4859
4858
4857
4856
4855
4854
4853
4724
4723
4852
4851
4722
4593
4592
4721
4850
4979
5108
5237
5236
5107
4978
4849
4720
4719
4718
4848
4977
5106
5234
5233
5232
5231
5230
5229
5228
5227
5356
5357
5486
5485
5484
5483
5482
5352
5353
5354
5355
5226
5225
5224
5223
5094
5095
5096
5097
5098
5099
4970
4969
4840
4841
4842
4971
5100
5101
5102
5103
5104
5105
4976
4847
4846
4975
4974
4845
4844
4973
4972
4843
4714
4715
4585
4586
4716
4717
4587
4588
4459
4458
4457
4327
4326
4456
4455
4325
4195
4196
4197
4198
4199
4328
4329
4200
4201
4330
4331
4202
4203
4074
4075
4076
4077
4206
4205
4204
4333
4332
4461
4460
4589
4590
4591
4462
4463
4334
4335
4464
4465
4594
4595
4466
4467
4468
4597
4596
4725
4726
4727
4598
4469
4340
4341
4470
4471
4472
4601
4600
4599
4728
4729
4730
4731
4602
4603
4604
4475
4474
4473
4344
4343
4342
4213
4212
4211
4210
4339
4338
4337
4336
4207
4078
4079
4208
4209
4080
4081
4082
4083
4084
4085
4214
4215
4216
4345
4346
4217
4218
4219
4090
4091
4092
4221
4220
4349
4348
4347
4476
4477
4478
4479
4350
4351
4480
4609
4608
4737
4738
4739
4610
4611
4740
4741
4612
4613
4614
4485
4484
4483
4354
4353
4482
4481
4352
4223
4222
4093
4094
4095
4224
4225
4096
4097
4098
4227
4226
4355
4356
4357
4486
4487
4358
4359
4360
4361
4362
4233
4232
4103
4104
4105
4234
4235
4106
4107
4108
4109
4110
4111
4240
4241
4112
3983
3982
3981
3852
3723
3722
3721
3850
3851
3980
3979
3978
3849
3720
3719
3718
3847
3848
3977
3976
3975
3974
3845
3846
3717
3716
3715
3844
3973
4102
4231
4230
4101
4100
4229
4228
4099
3970
3971
3972
3843
3842
3841
3840
3969
3968
3839
3710
3711
3712
3583
3584
3713
3714
3585
3586
3457
3328
3327
3456
3455
3326
3454
3582
3581
3580
3709
3708
3837
3838
3967
3966
3965
3836
3707
3706
3705
3834
3835
3964
3963
3962
3833
3704
3703
3702
3831
3832
3961
3960
4089
4088
4087
4086
3957
3958
3959
3830
3701
3700
3829
3828
3699
3698
3697
3826
3827
3956
3955
3954
3825
3696
3695
3694
3823
3824
3953
3952
3951
3950
3949
3820
3821
3822
3693
3692
3691
3690
3689
3818
3819
3948
3947
3946
3817
3688
3687
3686
3815
3816
3945
3944
4073
4072
4071
4070
3941
3942
3943
3814
3685
3684
3813
3812
3683
3682
3553
3554
3555
3556
3427
3298
3299
3300
3301
3302
3303
3432
3431
3430
3429
3428
3557
3558
3559
3560
3561
3562
3563
3564
3565
3436
3435
3434
3433
3304
3305
3306
3307
3308
3437
3566
3567
3568
3569
3440
3439
3438
3309
3310
3311
3312
3313
3314
3443
3442
3441
3570
3571
3572
3573
3574
3575
3446
3447
3576
3577
3448
3449
3578
3579
3450
3451
3321
3320
3191
3190
3319
3318
3317
3316
3445
3444
3315
3186
3057
3058
3187
3188
3189
3060
3059
2930
2929
2928
2927
2798
2669
2540
2539
2668
2797
2796
2795
2794
2793
2792
2663
2662
2533
2404
2275
2146
2145
2144
2143
2142
2141
2140
2139
2138
2137
2136
2135
2134
2133
2132
2131
2130
2129
2000
2001
2002
2003
2004
2005
2006
2007
1878
1877
1876
1875
1874
1873
1872
1871
1742
1743
1744
1745
1616
1615
1614
1613
1612
1611
1740
1741
1870
1869
1998
1999
2128
2127
2126
1997
1868
1739
1610
1609
1738
1867
1866
1995
1996
2125
2124
2123
1994
1865
1736
1737
1608
1479
1350
1220
1221
1222
1351
1480
1481
1482
1483
1484
1485
1486
1487
1488
1489
1490
1491
1492
1493
1494
1495
1496
1497
1498
1499
1370
1369
1368
1367
1366
1365
1236
1107
1106
1235
1364
1363
1234
1105
976
977
978
849
720
719
848
847
718
589
588
459
460
331
330
329
328
457
458
587
586
715
714
713
584
585
456
327
198
199
200
201
202
203
204
205
206
207
208
209
210
211
340
469
598
727
726
597
468
339
338
337
466
467
596
725
854
853
724
595
594
465
336
335
334
333
332
461
590
591
462
463
464
593
592
721
850
851
722
723
852
981
980
979
1108
1237
1238
1109
1110
1239
1240
1241
1242
1371
1372
1501
1500
1629
1630
1759
1758
1887
1886
1885
1756
1757
1628
1627
1626
1625
1624
1753
1754
1755
1884
1883
1882
1881
1880
1751
1752
1623
1622
1621
1620
1619
1618
1617
1746
1747
1748
1749
1750
1879
2008
2009
2010
2011
2012
2013
2014
2015
2016
2017
1888
1889
2018
2147
2276
2405
2534
2664
2665
2666
2667
2538
2537
2536
2535
2406
2407
2408
2409
2410
2411
2282
2281
2280
2279
2278
2277
2148
2149
2150
2151
2152
2153
2154
2283
2412
2541
2670
2799
2800
2671
2542
2413
2284
2155
2026
2027
1898
1899
1770
1771
1642
1641
1640
1769
1768
1897
1896
2025
2024
1895
1894
2023
2022
1893
1892
1891
2021
2020
2019
1890
1760
1631
1502
1503
1504
1505
1376
1375
1374
1373
1244
1243
1114
1113
1112
1111
982
983
984
855
856
985
986
857
858
859
987
1115
1245
1246
1247
1248
1377
1506
1507
1508
1509
1638
1637
1636
1635
1634
1633
1632
1761
1762
1763
1764
1765
1766
1767
1639
1510
1511
1382
1383
1512
1254
1253
1252
1381
1380
1251
1250
1379
1378
1249
1120
1121
1122
1123
994
995
1124
1125
996
997
998
1127
1126
1255
1256
1385
1384
1513
1514
1643
1772
1773
1774
1775
1776
1905
2034
2163
2292
2421
2420
2291
2162
2033
1904
1903
2032
2161
2290
2419
2548
2549
2550
2679
2678
2677
2676
2805
2806
2807
2936
3065
3194
3323
3193
3064
2935
2934
2933
2932
2803
2804
2675
2547
2418
2289
2160
2031
1902
1901
1900
2028
2156
2157
2158
2029
2030
2159
2288
2417
2546
2545
2674
2673
2544
2415
2416
2287
2286
2285
2414
2543
2672
2801
2802
2931
3061
3062
3063
3192
3322
3452
3453
3324
3325
3197
3068
2939
2938
3067
3196
3195
3066
2937
2808
2809
2810
2811
2940
2941
2812
2683
2682
2681
2680
2551
2552
2553
2554
2555
2426
2297
2168
2039
2038
2167
2296
2425
2424
2423
2422
2293
2164
2035
1906
1907
2036
2165
2294
2295
2166
2037
1908
1909
1910
1911
2040
2169
2298
2427
2556
2557
2428
2299
2170
2041
1912
1783
1782
1781
1780
1779
1778
1777
1648
1647
1646
1645
1644
1515
1386
1387
1516
1517
1388
1259
1258
1257
1128
999
1000
1129
1130
1001
1002
1131
1260
1389
1518
1519
1390
1261
1132
1003
1004
1133
1262
1391
1392
1263
1134
1005
1006
1007
1008
1009
1010
1011
882
883
1012
1013
1014
885
884
755
626
625
754
753
624
495
496
497
498
369
240
111
110
109
108
107
236
237
238
239
368
367
366
365
364
235
106
105
234
363
492
493
494
623
622
621
620
619
491
362
233
104
103
232
361
490
489
360
359
488
487
358
229
230
231
102
101
100
99
228
357
486
615
744
745
616
617
618
746
747
748
749
750
751
752
881
880
879
878
877
876
875
874
873
872
743
614
485
356
227
98
97
226
355
484
613
742
871
870
741
612
483
354
225
96
95
94
93
92
221
222
351
350
479
480
481
352
223
224
353
482
611
740
869
868
867
866
865
736
737
738
739
610
609
608
607
478
349
220
91
90
219
89
348
477
606
735
734
733
732
861
862
863
864
993
992
991
990
1119
1118
1117
1116
988
989
860
731
730
729
728
599
600
471
470
341
342
343
472
601
602
473
474
603
604
605
476
475
346
347
218
217
88
87
216
345
344
214
215
86
85
84
213
212
83
82
81
80
79
78
77
76
75
74
73
72
71
70
69
68
197
326
455
454
583
712
841
842
843
844
845
716
717
846
975
974
973
1102
1101
972
971
970
969
1098
1099
1100
1229
1230
1231
1232
1103
1104
1233
1362
1361
1360
1359
1358
1357
1228
1227
1356
1355
1354
1353
1352
1223
1224
1225
1226
1097
1096
968
840
711
582
453
323
452
322
321
320
319
318
317
188
189
190
191
192
193
194
195
324
325
196
67
66
65
64
63
62
61
60
59
58
57
56
55
54
183
184
185
186
187
316
315
314
313
312
311
310
309
438
567
437
308
307
306
177
176
175
174
173
302
431
430
301
172
43
44
45
46
47
48
49
50
51
52
53
182
181
180
179
178
436
435
305
304
303
432
562
433
434
563
564
565
566
696
826
1084
1214
957
958
959
1088
1087
1217
1346
1345
1216
1215
1086
1085
956
955
954
825
824
695
694
693
823
822
692
691
561
560
689
690
819
818
817
816
815
814
813
812
811
681
680
809
810
939
940
1069
1070
1199
1200
1329
1330
1459
1460
1589
1590
1591
1592
1593
1594
1595
1596
1597
1598
1599
1600
1601
1602
1603
1604
1733
1732
1731
1730
1729
1728
1727
1726
1725
1724
1723
1722
1851
1852
1853
1854
1855
1856
1857
1858
1859
1860
1861
1990
1989
1988
1987
1986
1985
1984
1983
1982
1981
1980
1979
1978
1977
1847
1717
1587
1457
1327
1197
1067
1066
937
936
807
1065
1194
1323
1452
1581
1580
1709
1710
1839
1838
1967
1968
2097
2226
2355
2484
2613
2742
2871
3000
3128
3127
2998
2999
2870
2869
2740
2741
2612
2611
2482
2483
2354
2353
2224
2225
2096
2095
1966
1965
2094
2223
2352
2481
2610
2739
2868
2997
2996
2867
2738
2609
2608
2737
2866
2995
3124
3253
3381
3380
3379
3378
3377
3376
3375
3374
3244
3114
2985
2856
2727
2598
2469
2340
2211
2212
2213
2214
2215
2344
2343
2342
2341
2470
2471
2472
2601
2730
2729
2600
2599
2728
2857
2986
3115
3245
3246
3247
3248
3249
3120
3119
3118
2989
2988
3117
3116
2987
2858
2859
2860
2731
2602
2473
2474
2345
2216
2087
1958
1829
1828
1827
1826
1825
1824
1823
1822
1821
1820
1819
1818
1947
1948
1949
1950
1951
1952
1953
1954
1955
1956
1957
2086
2085
2084
2083
2082
2081
2210
2339
2468
2597
2726
2855
2854
2853
2725
2596
2467
2338
2209
2080
2079
2078
2077
2076
2205
2206
2335
2334
2463
2464
2593
2592
2721
2722
2723
2594
2465
2336
2207
2208
2337
2466
2595
2724
2852
2851
2850
2720
2591
2462
2333
2204
2075
1946
1817
1816
1686
1687
1688
1689
1690
1691
1692
1693
1694
1695
1696
1697
1698
1699
1700
1701
1830
1959
2088
2089
2090
2219
2348
2347
2218
2217
2346
2475
2476
2477
2606
2605
2604
2603
2732
2733
2734
2735
2864
2863
2862
2861
2990
2991
2992
2993
3122
3121
3250
3251
3252
3123
2994
2865
2736
2607
2478
2349
2220
2091
2092
2221
2350
2479
2480
2351
2222
2093
1964
1835
1706
1707
1836
1837
1708
1579
1578
1577
1576
1705
1834
1963
1962
1833
1704
1575
1574
1703
1832
1961
1960
1831
1702
1573
1572
1571
1442
1313
1184
1055
1054
1053
1052
1051
1050
1049
1048
1047
1046
1045
1044
1043
1042
1041
1040
1039
1038
1167
1168
1169
1170
1171
1172
1173
1174
1175
1176
1177
1178
1179
1180
1181
1182
1183
1312
1311
1310
1309
1308
1307
1306
1305
1304
1303
1302
1301
1300
1299
1298
1297
1296
1426
1427
1428
1429
1430
1431
1432
1433
1434
1435
1436
1437
1438
1439
1440
1441
1570
1569
1568
1567
1566
1565
1564
1563
1562
1561
1560
1559
1558
1557
1556
1555
1554
1553
1682
1811
1940
2069
2198
2327
2456
2326
2197
2068
1939
1810
1681
1552
1422
1293
1164
1035
1034
1163
1292
1421
1550
1551
1680
1809
1938
2067
2195
2194
2065
2066
1937
1936
1807
1808
1679
1678
1549
1420
1291
1162
1033
904
775
646
647
776
905
906
777
648
519
390
261
132
131
260
389
518
517
388
259
130
129
2
3
4
133
262
5
134
391
520
649
778
907
1036
1165
1294
1423
1424
1425
1295
1166
1037
908
779
650
521
392
263
6
135
264
393
522
651
652
653
654
655
656
657
658
529
400
271
142
141
140
139
268
397
398
269
270
399
528
527
526
525
396
267
138
137
266
395
524
523
394
265
136
7
8
9
10
11
12
13
14
15
16
17
18
19
20
21
22
151
280
409
538
537
536
535
534
533
404
275
276
405
406
407
408
279
150
149
278
277
148
147
146
145
144
143
272
401
530
659
660
531
402
273
274
403
532
661
790
789
788
787
786
785
784
783
782
781
780
909
910
911
912
913
914
915
916
917
918
919
920
921
922
923
924
925
926
797
796
795
794
793
792
791
662
663
664
665
666
667
668
539
410
281
152
23
24
153
282
411
540
669
798
927
1056
1185
1314
1443
1444
1445
1446
1447
1448
1449
1450
1451
1322
1321
1320
1319
1318
1317
1316
1315
1186
1187
1188
1189
1190
1191
1062
1061
1060
1059
1058
1057
928
799
670
541
412
283
154
25
26
27
28
29
30
159
158
287
288
417
546
545
416
415
544
673
674
675
676
805
804
803
802
801
672
543
414
285
286
157
156
155
284
413
542
671
800
929
930
931
932
933
934
1063
1192
1193
1064
935
806
677
678
549
420
421
422
293
292
291
290
419
548
547
418
289
160
31
32
161
162
33
34
163
164
35
36
37
38
167
166
165
294
295
296
297
168
39
40
41
42
171
300
429
558
559
688
687
686
685
684
683
682
553
554
555
556
557
428
299
170
169
298
427
426
425
424
423
552
551
550
679
808
938
1068
1198
1328
1458
1588
1718
1848
1849
1850
1721
1720
1719
1461
1462
1463
1464
1465
1466
1467
1468
1469
1470
1471
1213
1212
1211
1082
1083
953
952
951
950
821
820
949
948
947
946
945
944
943
942
941
1071
1072
1073
1074
1075
1076
1077
1078
1079
1080
1081
1210
1209
1208
1207
1206
1205
1204
1203
1202
1201
1331
1332
1333
1334
1335
1336
1337
1338
1339
1340
1341
1342
1343
1472
1473
1344
1474
1475
1476
1477
1606
1348
1347
1218
1089
960
961
962
963
964
965
966
838
837
836
835
834
833
832
831
830
829
828
827
697
698
699
700
701
702
703
704
705
706
707
708
709
580
579
578
577
576
575
574
573
572
571
570
569
568
439
440
441
442
443
444
445
446
447
448
449
450
451
581
710
839
967
1095
1094
1093
1092
1091
1090
1219
1349
1478
1607
1735
1864
1993
2122
2251
2252
2253
2254
2255
2256
2257
2258
2259
2260
2261
2390
2389
2388
2387
2386
2385
2384
2383
2382
2381
2380
2379
2250
2121
1992
1863
1734
1605
1862
1991
2120
2119
2118
2117
2116
2115
2114
2113
2112
2111
2110
2109
2108
2107
2106
2105
1976
1975
2104
2103
1974
1845
1846
1716
1715
1586
1456
1455
1584
1585
1714
1713
1842
1971
2100
2229
2358
2487
2616
2745
2746
2747
2748
2749
2620
2491
2362
2361
2360
2489
2490
2619
2618
2617
2488
2359
2230
2101
1972
1843
1844
1973
2102
2231
2232
2233
2234
2235
2236
2365
2364
2363
2492
2621
2750
2751
2622
2493
2494
2495
2496
2367
2366
2237
2238
2239
2240
2241
2242
2243
2244
2245
2246
2247
2248
2249
2378
2507
2636
2637
2508
2509
2510
2511
2512
2513
2514
2515
2516
2646
2776
2905
3034
3163
3292
3421
3549
3420
3291
3162
3033
2904
2774
2775
2645
2644
2643
2642
2771
2770
2641
2640
2639
2638
2767
2768
2769
2898
2899
2900
2901
2772
2773
2902
2903
3032
3031
3030
3029
3028
3157
3286
3285
3414
3415
3416
3417
3288
3287
3158
3159
3160
3161
3290
3289
3418
3419
3548
3547
3546
3545
3544
3543
3413
3284
3155
3156
3027
3026
2897
2896
3025
3154
3024
2894
2895
2766
2765
2764
2635
2506
2377
2376
2375
2504
2505
2634
2633
2503
2374
2373
2372
2371
2370
2369
2368
2497
2498
2626
2754
2882
3010
3138
3395
3524
3653
3782
3911
4040
4169
4298
4427
4556
4686
4557
4428
4299
4170
4041
3912
3783
3654
3525
3396
3267
3139
3268
3397
3526
3655
3784
3913
4042
4171
4172
4173
4174
4175
4176
4177
4178
4179
4180
4181
4182
4183
4054
4053
4052
4051
3922
3923
3924
3925
3926
3927
4056
4055
4184
4185
4314
4313
4312
4311
4310
4309
4308
4307
4306
4305
4304
4303
4302
4301
4300
4429
4430
4431
4432
4433
4434
4435
4436
4437
4438
4439
4440
4441
4442
4443
4572
4571
4570
4569
4568
4567
4566
4565
4564
4563
4562
4561
4560
4559
4558
4687
4688
4689
4690
4691
4692
4693
4694
4695
4696
4697
4698
4699
4700
4828
4827
4826
4825
4824
4823
4822
4821
4820
4819
4818
4817
4816
4946
4947
4948
4949
4950
4951
4952
4953
4954
4955
4956
4957
4829
4701
4573
4444
4315
4186
4057
3928
3799
3670
3541
3282
3411
3540
3669
3798
3797
3796
3795
3794
3793
3792
3921
4050
4049
3920
3791
3662
3533
3404
3405
3534
3663
3664
3535
3406
3407
3408
3409
3538
3537
3536
3665
3666
3667
3668
3539
3410
3281
3280
3279
3278
3277
3276
3275
3146
3145
3144
3143
3142
3141
3270
3271
3272
3273
3274
3403
3532
3661
3790
3789
3788
3787
3658
3529
3530
3659
3660
3531
3402
3401
3400
3399
3528
3657
3786
3915
3916
3917
3918
3919
4048
4047
4046
4045
4044
4043
3914
3785
3656
3527
3398
3269
3140
3011
3012
3013
3014
3015
3016
3017
3018
3147
3148
3149
3150
3151
3152
3022
3021
3020
3019
2890
2889
2888
2887
2886
2885
2884
2883
2755
2627
2499
2500
2501
2502
2632
2631
2630
2629
2628
2756
2757
2758
2759
2760
2761
2891
2892
2762
2763
2893
3023
3153
3412
3283
3542
3671
3800
3929
4058
4187
4316
4445
4574
4703
4702
4830
4958
5086
5085
5084
5083
5082
5081
5080
5079
5078
5077
5076
5075
4945
4815
4685
4555
4426
4297
4168
4039
3910
3781
3652
3523
3266
3394
3265
3137
3009
2881
2753
2625
2624
2623
2752
2880
3008
2879
2878
2877
2876
2875
2874
3003
3004
3005
3006
3007
3136
3135
3134
3133
3132
3261
3262
3263
3264
3393
3522
3651
3780
3909
4038
4167
4296
4425
4554
4683
4682
4553
4552
4551
4550
4549
4548
4547
4546
4545
4544
4543
4542
4541
4540
4539
4538
4537
4536
4535
4534
4663
4664
4665
4666
4667
4668
4669
4670
4671
4672
4673
4674
4675
4676
4677
4678
4679
4680
4681
4810
4811
4812
4813
4684
4814
4944
5074
5073
5202
5203
5204
5205
5206
5207
5208
5209
5210
5211
5212
5213
5214
5215
5216
5087
4959
4831
4832
4833
4704
4575
4576
4577
4578
4579
4450
4321
4320
4449
4448
4319
4318
4447
4446
4317
4188
4059
3930
3931
3932
3933
3934
3805
3804
3803
3802
3801
3672
3673
3674
3675
3676
3677
3678
3550
3679
3551
3422
3293
3164
3035
2906
2777
2648
2647
2517
2518
2519
2520
2521
2522
2523
2524
2525
2526
2527
2528
2529
2530
2531
2402
2401
2400
2399
2398
2397
2396
2395
2394
2393
2392
2391
2262
2263
2264
2265
2266
2267
2268
2269
2270
2271
2272
2273
2274
2403
2532
2661
2660
2659
2658
2657
2656
2655
2654
2653
2652
2651
2650
2649
2778
2779
2780
2781
2782
2783
2912
2911
3040
3041
3042
2913
2784
2785
2786
2787
2788
2789
2918
2917
2916
2915
2914
3043
3044
3045
3046
3047
3048
2919
2790
2791
2920
2921
2922
2923
2924
2925
2926
3055
3056
3185
3184
3183
3054
3053
3182
3181
3052
3051
3180
3179
3050
3049
3178
3177
3176
3175
3174
3173
3172
3171
3170
3169
3168
3167
3296
3297
3426
3425
3424
3295
3166
3037
3038
3039
2910
2909
2908
2907
3036
3165
3294
3423
3552
3681
3680
3809
3808
3807
3806
3935
3936
3937
3938
3939
3810
3811
3940
4069
4068
4067
4066
4065
4064
4063
4062
4061
4060
4189
4190
4191
4192
4193
4194
4324
4323
4322
4451
4580
4581
4452
4453
4454
4584
4713
4712
4583
4582
4711
4710
4709
4708
4707
4706
4705
4834
4835
4836
4837
4838
4839
4968
4967
4966
4965
4964
4963
5093
5222
5351
5481
5480
5479
5478
5477
5476
5347
5218
5089
5090
5091
5220
5219
5348
5349
5350
5221
5092
4962
4961
4960
5088
5217
5346
5345
5344
5343
5342
5341
5340
5339
5338
5337
5336
5335
5334
5333
5332
5590
5589
5719
5720
5721
5722
5593
5594
5723
5724
5725
5854
5855
5726
5856
5727
5597
5596
5595
5853
5852
5851
5850
5849
5848
5977
6106
6235
6365
6495
6625
6496
6497
6368
6239
6240
6369
6498
6499
6370
6241
6242
6113
6112
6111
6110
6109
6108
6237
6238
6367
6366
6236
6107
5978
5979
5980
5981
5982
5983
5984
5985
5857
5728
5598
5599
5470
5469
5468
5467
5466
5465
5464
5463
5592
5591
5462
5461
5460
5331
5330
5459
5329
5201
5200
5199
5070
5071
5072
4943
4942
4941
4940
4939
5068
5069
5198
5197
5326
5455
5456
5327
5328
5458
5457
5586
5585
5584
5583
5582
5581
5580
5579
5578
5577
5576
5575
5574
5573
5572
5701
5830
5829
5700
5699
5828
5957
6086
6216
6346
6476
6606
6736
6866
6996
7126
7127
7257
7256
7255
7254
7253
7124
7125
6995
6865
6735
6605
6475
6345
6215
6344
6473
6602
6731
6730
6729
6728
6727
6726
6725
6724
6723
6852
6853
6854
6855
6856
6857
6858
6859
6860
6861
6732
6603
6474
6604
6734
6733
6862
6863
6992
6991
6990
6989
6988
6987
6986
6985
6984
6983
6982
7111
7110
6981
6980
6979
7109
7239
7240
7241
7112
7113
7114
7115
7116
7117
7118
7119
7120
7121
7122
6993
6864
6994
7123
7252
7251
7250
7249
7248
7247
7376
7377
7378
7379
7380
7381
7382
7383
7384
7513
7512
7511
7510
7509
7508
7507
7506
7505
7504
7633
7634
7635
7636
7637
7638
7639
7640
7641
7642
7643
7644
7515
7514
7385
7386
7387
7388
7389
7390
7391
7392
7393
7394
7395
7396
7397
7526
7525
7524
7523
7522
7521
7520
7519
7518
7517
7516
7645
7646
7647
7648
7777
7776
7775
7774
7773
7772
7771
7770
7769
7768
7767
7896
7897
7898
7899
8028
8027
8026
8155
8154
8025
8024
8153
8282
8281
8152
8023
7894
7895
7766
7765
7764
7893
7892
7763
7762
7891
8020
8021
8022
8151
8150
8279
8280
8409
8410
8539
8668
8797
8926
9185
9056
8927
8798
8799
8928
8929
8930
8801
8800
8671
8672
8543
8414
8413
8542
8541
8670
8669
8540
8411
8412
8283
8284
8285
8156
8157
8158
8159
8160
8031
8030
8029
7900
7901
7902
7903
8032
8161
8162
8033
7904
7905
8034
8163
8292
8421
8293
8164
8035
7906
7778
7649
7650
7651
7652
7653
7654
7655
7527
7398
7269
7268
7267
7138
7009
7008
7137
7266
7265
7136
7007
7006
7005
7004
7003
7002
7001
7000
7258
7259
7260
7261
7262
7263
7264
7135
7134
7133
7132
7131
7130
7129
7128
6999
6998
6869
6870
6871
6872
6873
6874
6875
6876
6877
6878
6879
6880
6751
6750
6749
6748
6747
6746
6745
6744
6743
6742
6741
6740
6739
6997
6868
6867
6738
6737
6608
6607
6478
6477
6348
6219
6347
6218
6217
6088
6087
5958
5959
5960
6089
6090
5961
5962
6091
6092
6093
6222
6221
6220
6349
6350
6479
6609
6610
6611
6612
6613
6614
6615
6616
6617
6618
6489
6488
6487
6486
6485
6484
6483
6482
6481
6480
6351
6352
6223
6094
5965
5966
6095
6096
6097
6226
6225
6224
6353
6354
6355
6356
6227
6228
6357
6358
6229
6230
6359
6360
6231
6102
6101
6100
6099
6098
5969
5970
5971
5972
5973
5844
5843
5842
5841
5840
5839
5968
5967
5838
5837
5836
5835
5964
5963
5834
5833
5832
5831
5702
5703
5704
5705
5706
5707
5708
5709
5710
5711
5712
5713
5714
5715
5845
5974
6103
6232
6233
6104
5975
5846
5716
5587
5588
5717
5718
5847
5976
6105
6234
6363
6362
6361
6490
6619
6620
6491
6492
6621
6622
6493
6364
6494
6623
6752
6881
7010
7139
7140
7011
6882
6753
6624
6754
6883
7012
7141
7270
7399
7528
7657
7656
7786
7785
7784
7783
7782
7781
7910
7909
7780
7779
7907
7908
8037
8036
8165
8294
8422
8550
8679
8808
8937
9066
9195
9324
9453
9454
9455
9456
9457
9458
9459
9460
9461
9462
9333
9204
9075
8946
8945
8944
8943
8942
8941
8940
8939
9068
9197
9198
9069
9070
9199
9200
9071
9072
9201
9202
9073
9074
9203
9332
9331
9330
9329
9328
9327
9326
9325
9196
9067
8938
8809
8810
8811
8812
8813
8814
8815
8816
8817
8818
8947
8948
8819
8820
8949
8950
8821
8822
8951
8952
8823
8694
8693
8692
8691
8690
8689
8688
8687
8686
8685
8684
8683
8682
8681
8680
8551
8552
8553
8424
8423
8295
8296
8297
8426
8425
8554
8555
8556
8557
8558
8559
8560
8561
8562
8563
8564
8565
8695
8824
8953
9082
9081
9080
9079
9078
9077
9076
9205
9334
9463
9592
9591
9590
9589
9588
9587
9586
9585
9584
9583
9582
9711
9712
9713
9714
9715
9716
9717
9718
9719
9720
9721
9722
9593
9464
9465
9466
9467
9596
9595
9594
9723
9724
9725
9726
9597
9468
9339
9338
9337
9336
9335
9206
9207
9208
9209
9210
9211
9340
9341
9212
9083
8954
8825
8696
8567
8438
8439
8440
8441
8570
8569
8568
8697
8826
8955
9084
9213
9342
9471
9600
9729
9858
9986
9857
9728
9599
9470
9469
9598
9727
9856
9985
10114
10242
10113
9984
9855
9854
9853
9852
9851
9850
9849
9848
9847
9846
9845
9844
9843
9842
9841
9840
9969
10098
10228
10099
9970
9971
9972
9973
9974
9975
9976
9977
9978
9979
9980
9981
9982
9983
10112
10111
10110
10109
10108
10107
10106
10105
10104
10103
10102
10101
10100
10229
10230
10231
10232
10233
10234
10235
10236
10237
10238
10239
10240
10241
10370
10369
10368
10367
10366
10365
10364
10363
10362
10361
10360
10359
10358
10488
10489
10490
10491
10492
10493
10494
10495
10496
10497
10498
10499
10371
10243
10372
10500
10629
10628
10627
10626
10625
10624
10623
10622
10621
10620
10619
10618
10617
10487
10357
10227
10097
9968
9839
9710
9581
9452
9323
9194
9065
8936
8807
8678
8549
8420
8291
8290
8289
8288
8417
8546
8675
8804
8933
9062
9191
9320
9449
9319
9190
9061
8932
8803
8674
8545
8416
8287
8286
8415
8544
8673
8802
8931
9060
9189
9059
9058
9057
9186
9315
9445
9575
9705
9835
9836
9837
9708
9707
9706
9577
9576
9447
9446
9317
9316
9187
9188
9318
9448
9578
9579
9450
9321
9192
9063
8934
8805
8676
8547
8418
8419
8548
8677
8806
8935
9064
9193
9322
9451
9580
9709
9838
9967
9966
9965
9964
9834
9704
9574
9444
9314
9055
9184
9313
9312
9183
9054
9053
9182
9311
9310
9439
9440
9441
9442
9443
9572
9571
9570
9569
9568
9567
9566
9565
9436
9435
9564
9693
9822
9951
9950
9949
9820
9821
9692
9563
9434
9433
9562
9691
9690
9561
9432
9431
9430
9429
9428
9427
9426
9297
9298
9299
9300
9301
9302
9173
9044
9174
9303
9304
9305
9306
9307
9308
9437
9438
9309
9180
9181
9052
8923
8794
8665
8666
8795
8924
8925
8796
8667
8538
8408
8537
8536
8407
8406
8277
8278
8149
8148
8019
7890
7889
8018
8147
8276
8535
8664
8793
8922
9051
9179
9178
9177
9176
9175
9045
8915
8914
8913
8912
8784
8785
8786
8916
9046
9047
9048
9049
9050
8921
8792
8663
8662
8661
8660
8789
8790
8791
8920
8919
8918
8917
8787
8788
8659
8658
8529
8530
8531
8532
8533
8534
8405
8404
8275
8146
8017
7888
7759
7760
7761
7632
7503
7502
7631
7630
7501
7372
7373
7374
7375
7246
7245
7244
7243
7242
7371
7500
7629
7628
7627
7498
7499
7370
7369
7368
7497
7626
7755
7884
8013
8142
8271
8272
8273
8144
8143
8014
8015
7886
7885
7756
7757
7758
7887
8016
8145
8274
8403
8402
8401
8400
8399
8270
8141
8012
7883
7754
7625
7496
7367
7238
7108
6978
6848
6718
6588
6458
6328
6199
6071
5942
6070
5813
5684
5555
5426
5297
5168
5039
4911
4783
4655
4784
4912
4913
5042
5041
5040
5169
5298
5427
5556
5685
5814
5815
5686
5557
5428
5299
5170
5171
5172
5173
5302
5301
5300
5429
5558
5687
5816
5946
6076
6077
6078
5949
5948
5947
5817
5688
5559
5430
5431
5560
5689
5818
5819
5690
5561
5432
5303
5174
5045
5044
5043
4914
4915
4916
4787
4658
4659
4788
4917
5046
5175
5304
5433
5562
5691
5820
5950
6079
5821
5692
5563
5434
5305
5176
5047
4918
4789
4660
4531
4532
4661
4790
4919
5048
5177
5306
5435
5564
5693
5822
5951
6080
6208
6207
6206
6205
6075
5945
6074
5944
5943
6072
6073
6202
6203
6332
6331
6330
6201
6200
6329
6459
6589
6460
6461
6590
6591
6462
6333
6204
6334
6335
6336
6337
6209
6338
6467
6466
6465
6464
6463
6592
6721
6720
6719
6849
6850
6851
6722
6593
6594
6595
6596
6597
6468
6469
6598
6599
6600
6601
6472
6343
6214
6085
5956
5827
5698
5569
5570
5571
5442
5443
5444
5445
5446
5447
5448
5449
5450
5451
5452
5453
5454
5325
5196
5067
5066
5195
5324
5323
5322
5321
5320
5319
5318
5317
5316
5315
5314
5313
5312
5441
5440
5311
5310
5439
5568
5697
5826
5955
6084
6213
6342
6471
6470
6341
6212
6083
5954
5825
5824
5953
6082
6211
6340
6339
6210
6081
5952
5823
5694
5565
5436
5437
5566
5695
5696
5567
5438
5309
5180
5181
5182
5183
5184
5185
5186
5187
5188
5189
5190
5191
5192
5193
5194
5065
5064
5063
5062
5061
5060
5059
5058
5057
5056
5055
5054
5053
5052
5051
4922
4923
4924
4925
4926
4927
4928
4929
4930
4931
4932
4933
4934
4935
4936
4937
4938
4809
4808
4807
4806
4805
4804
4803
4802
4801
4800
4799
4798
4797
4796
4795
4794
4793
4792
4921
5050
5179
5308
5307
5178
5049
4920
4791
4662
4533
4404
4405
4406
4407
4408
4409
4410
4411
4412
4413
4414
4415
4416
4417
4418
4419
4420
4421
4422
4293
4292
4291
4290
4289
4288
4287
4286
4285
4284
4283
4282
4281
4280
4279
4278
4277
4276
4275
4274
4403
4402
4273
4144
4145
4146
4147
4148
4149
4150
4151
4152
4153
4154
4155
4156
4157
4158
4159
4160
4161
4032
3903
3774
3773
3902
4031
4030
4029
4028
4027
4026
4025
4024
4023
4022
4021
4020
4019
4018
4017
4016
4015
4014
4143
4272
4401
4530
4529
4400
4271
4142
4013
3884
3885
3886
3887
3888
3889
3890
3891
3892
3893
3894
3895
3896
3897
3898
3899
3900
3901
3772
3643
3644
3645
3646
3647
3648
3519
3520
3649
3778
3777
3776
3775
3904
4033
4162
4163
4034
3905
3906
3907
4036
4035
4164
4165
4294
4423
4424
4295
4166
4037
3908
3779
3650
3521
3392
3391
3390
3389
3518
3517
3516
3387
3388
3259
3260
3131
3002
2873
2744
2615
2486
2357
2228
2099
1970
1841
1712
1583
1454
1325
1326
1196
1195
1324
1453
1582
1711
1840
1969
2098
2227
2356
2485
2614
2743
2872
3001
3130
3258
3129
3257
3256
3126
3125
3254
3255
3385
3386
3515
3514
3513
3384
3383
3512
3641
3642
3771
3770
3769
3768
3767
3766
3765
3764
3763
3634
3635
3636
3637
3638
3639
3640
3511
3382
3510
3509
3508
3507
3506
3505
3504
3503
3373
3243
3372
3502
3631
3632
3633
3762
3761
3760
3759
3758
3757
3756
3755
3626
3627
3628
3629
3630
3501
3500
3499
3370
3371
3242
3113
2984
2983
2982
2981
2980
2979
2849
2719
2590
2461
2332
2203
2074
1945
1815
1685
1684
1683
1812
1941
2070
2199
2200
2329
2328
2457
2458
2587
2586
2716
2717
2588
2459
2330
2201
2072
2071
1942
1813
1814
1943
1944
2073
2202
2331
2460
2589
2718
2847
2848
2977
2978
3107
3108
3109
3110
3111
3112
3241
3240
3239
3238
3237
3366
3367
3368
3369
3498
3497
3496
3625
3754
3883
4012
4141
4270
4399
4528
4657
4786
4785
4656
4527
4398
4269
4140
4011
3882
3753
3624
3495
3236
3106
2976
2846
2845
2715
2585
2455
2325
2196
2324
2323
2452
2453
2454
2584
2714
2844
2843
2713
2583
2582
2581
2710
2711
2840
2839
2968
2969
2970
2841
2712
2842
2971
2972
2973
3103
3102
3101
3100
3099
3098
3097
3226
3227
3228
3229
3230
3231
3232
3233
3363
3492
3621
3750
3879
4008
4007
4006
4005
4004
4003
3874
3745
3616
3615
3744
3873
4002
4001
3872
3743
3614
3485
3486
3487
3488
3617
3618
3489
3490
3619
3748
3747
3746
3875
3876
3877
3878
3749
3620
3491
3362
3361
3360
3359
3358
3357
3356
3355
3484
3613
3742
3871
4000
4129
4130
4131
4132
4133
4134
4135
4136
4137
4138
4009
3880
3751
3622
3493
3364
3234
3104
2974
2975
3105
3235
3365
3494
3623
3752
3881
4010
4139
4268
4397
4526
4654
4525
4396
4267
4266
4265
4264
4263
4262
4261
4260
4259
4258
4387
4388
4389
4390
4391
4392
4393
4394
4395
4524
4523
4522
4521
4520
4519
4518
4517
4516
4645
4646
4647
4648
4649
4650
4651
4652
4653
4782
4781
4780
4779
4778
4777
4776
4775
4774
4903
4904
4905
4906
4907
4908
4909
4910
5038
5037
5036
5035
5034
5033
5032
5161
5162
5163
5164
5165
5166
5167
5296
5295
5294
5293
5292
5291
5290
5419
5548
5677
5806
5935
6064
6193
6322
6451
6580
6452
6323
6324
6195
6194
6065
5936
5807
5678
5549
5420
5421
5422
5423
5424
5425
5554
5553
5552
5551
5550
5679
5808
5938
5809
5680
5681
5810
5939
5940
5811
5682
5683
5812
5941
6069
6068
6067
5937
6066
6196
6197
6198
6327
6326
6325
6453
6581
6709
6710
6582
6711
6712
6713
6714
6715
6844
6843
6842
6841
6840
6839
6838
6967
6968
6969
6970
6971
6972
6973
6974
6975
6976
6846
6845
6716
6586
6585
6584
6583
6454
6455
6456
6457
6587
6717
6847
6977
7107
7237
7366
7495
7624
7753
7882
7881
7880
7879
7878
7877
7876
7747
7618
7489
7490
7361
7360
7231
7232
7233
7234
7235
7364
7363
7362
7491
7492
7493
7622
7621
7620
7619
7748
7749
7750
7751
7752
7623
7494
7365
7236
7106
7105
7104
7103
7102
7101
7230
7359
7488
7617
7746
7875
7874
7873
7872
7871
7742
7613
7484
7355
7226
7227
7228
7357
7356
7485
7486
7615
7614
7743
7744
7745
7616
7487
7358
7229
7100
7099
7098
7097
7096
7225
7354
7483
7612
7741
7870
7999
8000
8001
8002
8003
8004
8005
8006
8007
8008
8009
8010
8011
8140
8139
8138
8137
8136
8135
8134
8133
8132
8131
8130
8129
8128
8257
8258
8259
8260
8261
8262
8263
8264
8265
8266
8267
8268
8269
8398
8397
8396
8395
8394
8393
8392
8391
8390
8389
8388
8387
8386
8515
8516
8517
8518
8519
8520
8521
8522
8523
8524
8653
8652
8651
8650
8649
8648
8647
8646
8645
8644
8773
8774
8775
8776
8777
8778
8779
8780
8781
8782
8654
8525
8526
8527
8528
8657
8656
8655
8783
8911
8910
8909
8908
8907
8906
8905
8904
8903
8902
9031
9032
9033
9034
9035
9036
9037
9038
9039
9040
9041
9042
9043
9172
9171
9170
9169
9168
9167
9166
9165
9164
9163
9162
9161
9160
9289
9290
9419
9418
9547
9548
9549
9550
9421
9420
9291
9292
9293
9294
9295
9296
9425
9424
9423
9422
9551
9552
9553
9554
9555
9556
9557
9558
9559
9560
9689
9688
9687
9686
9685
9684
9683
9682
9681
9680
9679
9678
9677
9676
9805
9806
9807
9808
9809
9810
9811
9812
9813
9814
9815
9816
9817
9818
9819
9948
9947
9946
9945
9944
9943
9942
9941
9940
9939
9938
9937
9936
9935
9934
10063
10064
10065
10066
10067
10068
10069
10070
10071
10072
10073
10074
10075
10076
10077
10078
10079
10080
10209
10208
10207
10206
10205
10204
10203
10202
10201
10200
10199
10198
10197
10196
10195
10194
10193
10192
10321
10322
10323
10324
10325
10326
10327
10328
10329
10330
10331
10332
10333
10334
10335
10336
10337
10338
10467
10466
10465
10464
10463
10462
10461
10460
10459
10458
10457
10456
10455
10454
10453
10452
10451
10450
10579
10708
10837
10966
11095
11224
11353
11482
11611
11740
11869
11998
12127
12256
12385
12386
12257
12128
11999
11870
11741
11612
11483
11354
11225
11096
10967
10838
10709
10580
10581
10582
10583
10584
10585
10586
10587
10588
10589
10590
10591
10592
10593
10594
10595
10596
10725
10854
10983
11112
11241
11370
11371
11242
11113
10984
10855
10726
10597
10468
10339
10210
10081
9952
9823
9694
9695
9696
9697
9698
9699
9700
9701
9702
9573
9703
9832
9831
9830
9829
9828
9827
9826
9825
9824
9953
9954
9955
9956
9957
9958
9959
9960
9961
9962
9833
9963
10092
10091
10090
10089
10088
10087
10086
10085
10084
10083
10082
10211
10212
10213
10214
10215
10216
10217
10218
10219
10220
10221
10222
10093
10094
10223
10224
10225
10095
10096
10226
10356
10486
10616
10615
10614
10613
10612
10611
10610
10609
10608
10607
10606
10605
10604
10603
10602
10601
10600
10599
10470
10471
10472
10473
10474
10475
10476
10477
10478
10479
10480
10481
10482
10483
10484
10485
10355
10354
10353
10352
10351
10350
10349
10348
10347
10346
10345
10344
10343
10342
10341
10340
10469
10598
10727
10856
10985
11114
11243
11372
11501
11630
11629
11500
11499
11628
11757
11886
12015
12144
12273
12272
12271
12270
12269
12139
12010
11881
11752
11623
11494
11495
11624
11753
11882
12011
12140
12141
12142
12143
12014
11885
11756
11627
11498
11369
11240
11111
10982
10853
10724
10723
10852
10981
11110
11239
11368
11497
11626
11755
11884
12013
12012
11883
11754
11625
11496
11367
11238
11109
10980
10851
10722
10721
10720
10719
10718
10717
10716
10715
10714
10713
10712
10711
10710
10839
10840
10841
10842
10843
10972
10971
10970
11099
11100
11101
11230
11229
11228
11227
11098
10969
10968
11097
11226
11355
11484
11613
11742
11871
12000
12129
12258
12387
12516
12515
12514
12643
12644
12645
12646
12518
12517
12388
12259
12130
12001
11872
11743
11614
11485
11356
11357
11358
11359
11488
11487
11486
11615
11744
11873
12002
12131
12260
12389
12390
12261
12132
12003
11874
11745
11616
11617
11746
11875
12004
12133
12262
12391
12519
12647
12775
12774
12773
12772
12901
12902
12903
12904
12776
12648
12520
12392
12263
12134
12005
11876
11747
11618
11489
11360
11231
11102
10973
10844
10845
10846
10975
10974
11103
11104
11105
10976
10847
10848
10977
11106
11235
11236
11107
10978
10849
10850
10979
11108
11237
11366
11365
11364
11493
11622
11751
11880
12009
12138
12268
12398
12399
12400
12401
12402
12531
12660
12789
12918
13047
13176
13305
13434
13563
13692
13821
13950
14079
14208
14337
14466
14595
14724
14853
14982
15111
15240
15369
15498
15627
15756
15885
16014
16142
16141
16140
16139
16138
16137
16136
16135
16134
16133
16132
16131
16130
16129
16000
16001
16002
16003
16004
16005
16006
16007
16008
16009
16010
16011
15882
15881
15880
15879
15878
15877
15876
15875
15874
15873
15872
15871
15742
15743
15744
15745
15746
15747
15748
15749
15750
15751
15752
15753
15624
15623
15622
15621
15492
15493
15494
15495
15366
15365
15364
15363
15362
15361
15360
15489
15490
15491
15620
15619
15618
15617
15488
15359
15358
15357
15356
15485
15486
15487
15616
15615
15614
15613
15484
15355
15354
15483
15612
15741
15870
15869
15740
15611
15482
15353
15224
15095
14966
14967
15096
15225
15226
15227
15228
15229
15230
15231
15232
15233
15234
15235
15236
15237
15108
15107
15106
15105
15104
15103
15102
15101
15100
15099
15098
15097
14968
14969
14970
14971
14972
14973
14974
14975
14976
14977
14978
14979
14850
14849
14848
14847
14846
14845
14844
14843
14842
14841
14840
14839
14838
14837
14708
14709
14710
14711
14712
14713
14714
14715
14716
14717
14718
14719
14590
14589
14460
14331
14330
14459
14588
14587
14458
14329
14328
14457
14586
14585
14584
14583
14582
14453
14324
14195
14066
14065
14194
14323
14452
14581
14580
14451
14322
14193
14064
14063
13934
13935
13936
13937
13938
13939
13810
13809
13808
13807
13806
13805
13676
13677
13678
13679
13680
13681
13682
13811
13940
14069
14068
14067
14196
14325
14454
14455
14456
14327
14326
14197
14198
14199
14070
13941
13812
13683
13684
13813
13942
14071
14200
14201
14072
13943
13814
13685
13556
13427
13428
13429
13430
13559
13558
13557
13686
13815
13944
14073
14202
14203
14074
13945
13816
13687
13688
13817
13946
14075
14204
14333
14332
14461
14462
14591
14720
14721
14592
14463
14334
14205
14076
13947
13818
13689
13560
13431
13302
13173
13044
13043
13042
13171
13172
13301
13300
13299
13170
13041
12912
12913
12914
12915
12786
12785
12784
12783
12654
12655
12656
12657
12658
12787
12916
13045
13174
13303
13432
13561
13690
13819
13948
14077
14206
14335
14464
14593
14722
14851
14980
15109
15238
15367
15496
15625
15754
15883
16012
16013
15884
15755
15626
15497
15368
15239
15110
14981
14852
14723
14594
14465
14336
14207
14078
13949
13820
13691
13562
13433
13304
13175
13046
12917
12788
12659
12530
12529
12528
12527
12526
12397
12267
12266
12265
12136
12137
12008
12007
11878
11879
11750
11749
11620
11621
11492
11491
11362
11363
11234
11233
11232
11361
11490
11619
11748
11877
12006
12135
12264
12393
12522
12651
12780
12909
12910
12781
12652
12523
12394
12395
12396
12525
12524
12653
12782
12911
13040
13169
13298
13297
13168
13039
13038
13167
13296
13295
13294
13293
13292
13163
13164
13165
13166
13037
12908
12779
12650
12521
12649
12777
12905
12906
12778
12907
13036
13035
13034
13033
13032
13031
13030
13159
13160
13161
13162
13291
13290
13289
13288
13417
13418
13419
13420
13421
13422
13423
13424
13425
13426
13555
13554
13553
13552
13551
13550
13549
13548
13547
13546
13675
13804
13933
14062
14191
14192
14321
14320
14449
14450
14579
14578
14707
14836
14965
15094
15223
15352
15481
15610
15739
15868
15997
15998
15999
16128
16127
16126
16255
16256
16257
16258
16259
16260
16261
16262
16263
16264
16265
16266
16267
16268
16269
16270
16271
16143
16015
15886
15757
15628
15499
15370
15241
15112
14983
14854
14725
14596
14467
14338
14209
14080
13951
13822
13693
13564
13435
13306
13177
13048
12919
12790
12661
12532
12403
12274
12145
12016
11887
11758
11759
11888
12017
12146
12147
12018
11889
11760
11631
11502
11373
11244
11115
10986
10987
10988
10989
11118
11247
11248
11249
11250
11251
11252
11253
11254
11255
11256
11257
11258
11259
11260
11261
11262
11263
11264
11265
11266
11395
11394
11393
11392
11391
11390
11389
11388
11387
11386
11385
11384
11383
11382
11381
11380
11379
11378
11507
11508
11509
11510
11639
11638
11767
11768
11769
11640
11511
11512
11641
11770
11771
11642
11513
11514
11643
11772
11901
12030
12029
11900
11899
11898
11897
11896
11895
11766
11637
11636
11765
11894
12023
12152
12281
12280
12151
12022
11893
11764
11635
11506
11377
11376
11505
11634
11763
11892
11891
11762
11633
11504
11375
11246
11117
11116
11245
11374
11503
11632
11761
11890
12019
12148
12277
12276
12275
12404
12405
12406
12535
12664
12793
12922
13051
13052
12923
12794
12665
12536
12407
12278
12149
12020
12021
12150
12279
12408
12537
12666
12795
12924
13053
13182
13312
13571
13701
13831
13961
14091
14221
14351
14481
14482
14483
14484
14485
14486
14487
14488
14489
14490
14491
14619
14618
14617
14616
14615
14614
14613
14612
14611
14610
14739
14740
14741
14742
14743
14744
14745
14746
14747
14748
14749
14621
14620
14492
14363
14234
14105
14104
14103
14102
14101
14100
14099
14098
14097
14096
14095
14094
14223
14224
14225
14226
14227
14228
14229
14230
14231
14232
14233
14362
14361
14360
14359
14358
14357
14356
14355
14354
14353
14352
14222
14093
14092
13962
13963
13964
13965
13966
13967
13968
13969
13970
13971
13842
13841
13840
13711
13712
13713
13584
13583
13454
13325
13196
13197
13326
13455
13456
13585
13714
13843
13972
13973
13844
13715
13586
13457
13328
13327
13198
13069
12940
12811
12812
12941
12942
13071
13070
13199
13200
13201
13072
13202
13331
13461
13462
13463
13333
13332
13203
13073
12943
12813
12683
12682
12553
12552
12681
12810
12939
13068
13067
12938
12809
12680
12551
12422
12423
12294
12293
12164
12163
12292
12421
12550
12679
12808
12937
13066
13195
13324
13453
13582
13581
13580
13709
13710
13839
13838
13837
13836
13835
13834
13833
13832
13703
13702
13573
13444
13314
13443
13572
13442
13313
13184
13183
13054
12925
12796
12667
12538
12409
12410
12539
12668
12797
12926
13055
13185
13056
12927
12798
12799
12670
12669
12540
12411
12282
12153
12024
12025
12026
12027
12028
12157
12156
12155
12154
12283
12412
12541
12542
12671
12800
12929
12928
13057
13186
13315
13445
13575
13574
13704
13705
13706
13707
13708
13579
13578
13449
13450
13451
13452
13323
13194
13065
12936
12807
12678
12549
12420
12291
12162
12033
11904
11775
11774
11903
12032
12161
12290
12289
12288
12417
12546
12675
12804
12933
13062
13191
13192
13063
12934
12805
12676
12547
12418
12419
12548
12677
12806
12935
13064
13193
13322
13321
13320
13319
13190
13189
13188
13317
13318
13447
13448
13577
13576
13446
13316
13187
13058
13059
12930
12801
12672
12543
12414
12413
12284
12285
12286
12415
12544
12673
12802
12931
13060
13061
12932
12803
12674
12545
12416
12287
12158
12159
12160
12031
11902
11773
11644
11515
11516
11645
11646
11517
11518
11519
11520
11521
11522
11523
11524
11525
11396
11267
11138
11137
11136
11135
11134
11133
11132
11131
11130
11129
11128
11127
11126
11125
11124
11123
11122
11121
11120
11119
10990
10991
10992
10993
10994
10995
10996
10997
10998
10999
11000
11001
11002
11003
11004
11005
11006
11007
11008
11009
11010
11011
11012
11013
11014
10885
10884
10883
10882
10881
10880
10879
10878
10877
10876
10875
10874
10873
10872
10871
10870
10869
10868
10867
10866
10865
10864
10863
10862
10861
10860
10859
10858
10857
10728
10729
10730
10731
10732
10733
10734
10735
10736
10737
10738
10739
10740
10741
10742
10743
10744
10745
10746
10747
10748
10749
10750
10751
10752
10753
10754
10755
10756
10757
10758
10759
10760
10761
10762
10763
10764
10765
10766
10767
10768
10769
10770
10771
10772
10773
10774
10775
10646
10645
10644
10643
10642
10641
10640
10639
10638
10637
10636
10635
10634
10633
10632
10631
10630
10501
10502
10503
10504
10505
10506
10507
10508
10509
10510
10511
10512
10513
10514
10515
10516
10517
10518
10647
10776
10905
11034
11035
11164
11163
11292
11293
11422
11421
11420
11419
11290
11291
11162
11161
11160
11031
11032
11033
10904
10903
10902
10901
11030
11159
11288
11289
11418
11547
11546
11417
11416
11287
11158
11157
11286
11415
11414
11413
11412
11411
11410
11539
11668
11797
11927
11928
11929
11930
11931
11802
11801
11800
11671
11670
11799
11798
11669
11540
11541
11542
11543
11672
11673
11544
11545
11674
11803
11804
11675
11676
11677
11548
11549
11678
11807
11808
11937
11936
12065
12194
12193
12064
11935
11806
11805
11934
12063
12062
11933
11932
12061
12190
12189
12060
12059
12058
12057
12187
12188
12318
12319
12320
12191
12192
12321
12450
12449
12448
12578
12579
12580
12451
12322
12323
12324
12325
12196
12195
12066
12067
11938
11939
12068
12197
12326
12327
12198
12069
11940
11811
11682
11681
11810
11809
11680
11679
11550
11551
11552
11423
11294
11165
11036
10907
10906
10777
10648
10519
10520
10521
10522
10523
10524
10525
10526
10527
10528
10529
10530
10531
10532
10533
10534
10535
10536
10537
10538
10539
10540
10541
10670
10669
10668
10667
10666
10665
10664
10663
10662
10661
10660
10659
10658
10657
10656
10655
10654
10653
10652
10651
10650
10649
10778
10779
10908
11037
11038
11039
10910
10909
10780
10781
10782
10783
10784
10785
10786
10787
10788
10789
10790
10791
10792
10793
10794
10795
10796
10797
10798
10927
10926
10925
10924
11053
11054
11055
11056
11057
11186
11185
11184
11183
11182
11181
11180
11179
11178
11177
11176
11175
11174
11173
11044
11045
11046
11047
11048
11049
11050
11051
11052
10923
10922
10921
10920
10919
10918
10917
10916
10915
10914
10913
10912
10911
11040
11041
11042
11043
11172
11171
11170
11169
11168
11167
11166
11295
11424
11553
11554
11555
11556
11427
11426
11425
11296
11297
11298
11299
11300
11301
11302
11303
11304
11305
11306
11307
11308
11309
11310
11311
11312
11313
11314
11442
11441
11440
11439
11438
11437
11436
11435
11434
11433
11432
11431
11430
11429
11428
11557
11558
11559
11560
11561
11562
11563
11564
11565
11566
11567
11568
11569
11570
11571
11443
11315
11187
11058
10929
10928
10799
10800
10671
10542
10412
10411
10410
10409
10408
10407
10406
10405
10404
10403
10402
10401
10400
10271
10272
10273
10274
10275
10276
10277
10278
10279
10280
10281
10282
10152
10151
10150
10149
10148
10147
10146
10145
10144
10143
10142
10141
10140
10139
10268
10269
10270
10399
10398
10397
10396
10395
10394
10393
10392
10391
10390
10389
10388
10387
10386
10385
10384
10383
10382
10381
10380
10379
10378
10377
10376
10375
10374
10245
10116
10373
10244
10115
9987
9988
9989
9990
9862
9734
9605
9476
9347
9218
9219
9348
9349
9220
9221
9222
9351
9350
9479
9478
9477
9606
9735
9736
9607
9608
9737
9738
9739
9610
9609
9480
9481
9352
9223
9224
9353
9482
9611
9740
9741
9612
9483
9354
9225
9096
9095
9094
9093
9092
9091
9090
9089
9088
8959
8960
8961
8962
8963
8964
8965
8966
8837
8708
8579
8449
8578
8707
8836
8835
8834
8833
8832
8831
8830
8829
8828
8957
8958
9087
9217
9216
9346
9345
9344
9473
9602
9731
9732
9603
9474
9475
9604
9733
9861
9860
9859
9730
9601
9472
9343
9214
9085
9215
9086
8956
8827
8698
8699
8700
8701
8702
8703
8704
8575
8446
8447
8576
8705
8706
8577
8448
8319
8189
8318
8317
8188
8187
8316
8445
8574
8573
8572
8571
8442
8443
8444
8315
8186
8056
8185
8314
8313
8312
8311
8310
8309
8308
8307
8437
8566
8436
8306
8305
8435
8434
8433
8304
8303
8432
8431
8302
8301
8430
8429
8300
8299
8428
8427
8298
8169
8170
8171
8172
8173
8174
8044
8043
8042
8041
8040
8168
8167
8166
8038
8039
7911
7912
7913
7914
7915
8045
8175
8176
8177
8178
8179
8180
8181
8182
8183
8184
8055
7926
7796
7795
7794
7793
7792
7791
7662
7663
7664
7665
7666
7408
7278
7148
7147
7146
7275
7404
7533
7534
7535
7405
7276
7277
7406
7407
7536
7537
7538
7667
7668
7797
7798
7927
7928
8057
8058
8059
7929
7799
7669
7539
7409
7279
7149
7020
7019
7018
7017
7016
7145
7274
7403
7532
7661
7790
7919
7920
7921
7922
7923
7924
7925
8054
8053
8052
8051
8050
8049
8048
8047
8046
7916
7917
7918
7789
7660
7531
7402
7273
7144
7015
7014
7143
7272
7401
7530
7659
7788
7787
7658
7529
7400
7271
7142
7013
6884
6885
6886
6887
6888
6759
6758
6757
6756
6755
6626
6627
6628
6629
6630
6631
6502
6501
6500
6371
6372
6373
6374
6375
6376
6377
6248
6119
5990
5861
5862
5863
5992
5991
6120
6249
6378
6507
6506
6505
6504
6503
6632
6633
6762
6761
6760
6889
6890
6891
6892
6763
6634
6635
6636
6637
6508
6379
6250
6121
6122
6123
6124
6253
6252
6251
6380
6509
6638
6639
6510
6381
6382
6383
6384
6385
6386
6257
6256
6127
6128
6129
6130
6131
6132
6133
6134
6135
6136
6137
6138
6009
5880
5751
5750
5879
6008
6007
6006
6005
6004
6003
6002
6001
6000
5999
5998
5997
6126
6255
6254
6125
5996
5995
5994
5993
5864
5865
5866
5867
5868
5869
5870
5871
5872
5873
5874
5875
5876
5877
5878
5749
5748
5747
5746
5745
5744
5743
5742
5741
5740
5739
5738
5737
5736
5735
5734
5733
5732
5731
5860
5989
6118
6247
6246
6245
6244
6243
6114
6115
5986
5987
6116
6117
5988
5859
5858
5729
5730
5601
5600
5471
5472
5473
5602
5603
5474
5475
5604
5605
5606
5607
5608
5609
5610
5611
5612
5613
5614
5615
5616
5617
5618
5619
5620
5621
5622
5623
5624
5625
5626
5627
5628
5758
5888
6017
6146
6275
6405
6535
6665
6536
6537
6538
6539
6410
6411
6412
6283
6282
6281
6280
6409
6408
6279
6278
6407
6406
6277
6276
6147
6018
5889
5890
6019
6148
6149
6150
6151
6022
6021
6020
5891
5892
5893
5894
5895
5896
6025
6024
6023
6152
6153
6154
6155
6156
6157
6158
6159
6030
6031
6160
6161
6032
5903
5904
6033
6162
6163
6034
6035
6164
6165
6166
6167
6038
6037
6036
5907
5906
5905
5776
5647
5646
5775
5774
5645
5644
5643
5642
5771
5772
5773
5902
5901
5900
6029
6028
6027
6026
5897
5898
5899
5770
5769
5768
5767
5766
5765
5764
5763
5762
5761
5760
5631
5632
5633
5634
5635
5636
5637
5638
5639
5640
5641
5512
5511
5510
5509
5508
5379
5250
5251
5380
5381
5382
5383
5254
5253
5252
5123
5122
5121
5120
5249
5248
5377
5378
5507
5506
5505
5376
5247
5246
5245
5244
5373
5374
5375
5504
5503
5502
5501
5630
5759
5629
5500
5499
5498
5497
5496
5495
5494
5493
5492
5491
5490
5489
5488
5487
5358
5359
5360
5361
5362
5363
5235
5364
5365
5366
5367
5238
5239
5368
5369
5370
5371
5372
5243
5242
5113
5112
5241
5240
5111
5110
5109
4980
4981
4982
4983
4984
4985
5114
5115
4986
4987
5116
5117
4988
4989
5118
5119
4990
4991
4992
4993
4994
4995
5124
5125
4996
4997
5126
5255
5384
5513
5514
5385
5256
5257
5386
5515
5516
5387
5388
5517
5518
5389
5390
5519
5520
5521
5522
5393
5394
5523
5524
5525
5526
5527
5528
5399
5400
5529
5530
5401
5272
5273
5402
5403
5274
5275
5146
5145
5144
5143
5142
5271
5270
5269
5398
5397
5396
5395
5266
5267
5268
5139
5138
5137
5136
5265
5264
5135
5134
5263
5392
5391
5262
5261
5260
5259
5258
5129
5128
5127
4998
4999
5000
5001
5130
5131
5002
5003
5132
5133
5004
5005
5006
5007
5008
5009
5010
5011
5140
5141
5012
5013
5014
5015
5016
5017
5018
5019
5148
5147
5276
5277
5278
5279
5150
5149
5020
5021
5022
5023
5024
5025
5026
5027
5156
5157
5028
5029
5158
5287
5286
5285
5284
5155
5154
5153
5152
5151
5280
5281
5410
5411
5282
5283
5412
5413
5414
5415
5416
5545
5544
5543
5542
5541
5540
5539
5538
5409
5408
5537
5536
5407
5406
5535
5534
5405
5404
5533
5532
5531
5660
5659
5658
5657
5656
5655
5784
5785
5786
5787
5788
5789
5918
5919
5920
6049
6048
6047
6046
5917
5916
5915
5914
6043
6042
5913
5912
5911
5782
5783
5654
5653
5652
5781
5780
5651
5650
5649
5648
5777
5778
5779
5908
5909
5910
6039
6168
6169
6040
6041
6170
6171
6172
6173
6044
6045
6174
6175
6176
6177
6178
6179
6050
5921
5792
5791
5790
5661
5662
5663
5664
5793
5794
5665
5666
5795
5924
5923
5922
6051
6180
6181
6052
6053
6182
6183
6054
5925
5926
6055
6184
6185
6186
6057
6056
5927
5928
5929
5930
5931
5802
5801
5800
5799
5798
5797
5796
5667
5668
5669
5670
5671
5672
5673
5674
5803
5932
6061
6060
6059
6058
6187
6188
6189
6190
6319
6318
6317
6446
6447
6448
6577
6576
6575
6704
6705
6706
6835
6834
6833
6832
6703
6702
6701
6572
6573
6574
6445
6316
6315
6444
6443
6314
6313
6312
6311
6310
6309
6308
6307
6306
6305
6304
6303
6302
6431
6430
6301
6300
6299
6298
6297
6296
6295
6424
6423
6294
6293
6292
6291
6290
6289
6288
6287
6286
6285
6284
6413
6414
6415
6416
6417
6418
6419
6420
6421
6422
6551
6552
6553
6682
6811
6940
6941
6942
6943
6814
6813
6812
6683
6684
6685
6686
6557
6556
6555
6554
6425
6426
6427
6428
6429
6558
6559
6560
6689
6688
6687
6816
6815
6944
6945
6946
6817
6818
6947
6948
6949
6950
6821
6820
6819
6690
6691
6692
6693
6822
6823
6694
6565
6564
6563
6562
6561
6432
6433
6434
6435
6436
6437
6438
6439
6440
6441
6442
6571
6570
6569
6698
6699
6700
6829
6828
6827
6826
6825
6696
6697
6568
6567
6566
6695
6824
6953
6954
6955
6956
6957
6958
6959
6830
6831
6960
6961
6962
6963
6964
7093
7092
7091
7090
7089
7088
7087
7086
7085
7084
7083
7082
7081
6952
6951
7080
7079
7078
7077
7076
7075
7074
7073
7072
7071
7070
7069
7068
6939
6938
7067
7066
7065
7064
7193
7322
7451
7580
7581
7710
7839
7840
7711
7712
7841
7842
7843
7714
7713
7584
7585
7456
7457
7458
7587
7586
7715
7716
7717
7718
7589
7588
7459
7460
7331
7330
7329
7328
7327
7326
7455
7454
7583
7582
7453
7452
7323
7194
7195
7324
7325
7196
7197
7198
7199
7200
7201
7202
7203
7204
7205
7334
7335
7206
7207
7336
7337
7208
7209
7210
7211
7212
7213
7214
7343
7342
7341
7340
7339
7338
7467
7468
7469
7470
7471
7600
7599
7598
7727
7856
7855
7854
7853
7852
7851
7850
7849
7720
7591
7592
7721
7722
7723
7724
7725
7726
7597
7596
7595
7466
7465
7594
7593
7464
7463
7462
7333
7332
7461
7590
7719
7848
7847
7846
7845
7844
7973
7974
7975
7976
8105
8104
8103
8102
8101
7972
7971
8100
8229
8358
8359
8230
8231
8232
8233
8234
8235
8236
8237
8238
8239
8240
8241
8242
8113
8112
8111
8110
8109
8108
8107
8106
7977
7978
7979
7980
7981
7982
7983
7984
7985
8114
8243
8244
8115
8116
8245
8246
8117
7988
7987
7986
7857
7728
7729
7858
7859
7730
7731
7860
7861
7862
7863
7734
7733
7732
7603
7602
7601
7472
7473
7474
7345
7344
7215
7216
7217
7346
7347
7218
7219
7348
7477
7476
7475
7604
7605
7606
7735
7736
7737
7608
7607
7478
7479
7350
7349
7220
7221
7222
7351
7480
7609
7738
7867
7866
7865
7864
7993
7994
7995
7996
8125
8124
8123
8122
8121
7992
7991
7990
7989
8118
8119
8120
8249
8250
8251
8252
8253
8254
8383
8382
8381
8380
8379
8378
8377
8248
8247
8376
8375
8504
8503
8374
8373
8502
8501
8372
8371
8500
8499
8370
8369
8368
8367
8496
8495
8366
8365
8494
8493
8364
8363
8492
8491
8362
8361
8360
8489
8490
8619
8620
8621
8622
8623
8624
8625
8626
8497
8498
8627
8628
8629
8630
8631
8760
8761
8632
8633
8634
8505
8506
8507
8508
8509
8510
8511
8512
8641
8640
8639
8638
8637
8636
8635
8764
8763
8762
8891
8890
8889
8888
8759
8758
8757
8756
8885
8884
8755
8754
8753
8752
8751
8880
9009
9138
9267
9396
9525
9524
9395
9394
9523
9522
9393
9392
9521
9520
9391
9262
9261
9260
9259
9388
9517
9516
9387
9258
9129
9130
9131
9132
9003
9004
8875
8874
8745
8744
8873
9002
9001
9000
8871
8872
8743
8614
8615
8616
8746
8876
9005
9133
9134
9263
9264
9265
9266
9137
9136
9135
9006
8877
8878
9007
9008
8879
8750
8749
8748
8747
8618
8617
8488
8487
8486
8228
8357
8227
8226
8225
8353
8224
8223
8222
8221
8350
8351
8352
8481
8480
8479
8478
8477
8476
8347
8219
8348
8349
8220
8091
8092
8093
8094
8095
8096
8097
8098
8099
7970
7969
7968
7967
7966
7965
7964
7963
7962
7833
7834
7835
7836
7837
7838
7709
7708
7707
7706
7705
7704
7575
7576
7447
7318
7189
7060
7061
7062
7191
7190
7319
7320
7449
7448
7577
7578
7579
7450
7321
7192
7063
6934
6933
6932
6931
6802
6803
6804
6805
6676
6677
6678
6807
6806
6935
6936
6937
6808
6809
6810
6681
6680
6679
6550
6549
6548
6547
6546
6675
6674
6545
6544
6673
6672
6543
6542
6541
6540
6669
6668
6667
6666
6795
6924
7053
7052
6923
6794
6664
6534
6404
6274
6403
6533
6663
6792
6793
6922
7051
7179
7307
7306
7305
7304
7303
7302
7301
7300
7299
7298
7297
7296
7295
7294
7423
7424
7553
7552
7551
7550
7549
7548
7547
7546
7545
7544
7543
7672
7671
7542
7541
7412
7411
7282
7281
7280
7151
7150
7021
7022
7023
7024
7025
7026
7027
7028
7029
6900
6771
6642
6641
6770
6899
6898
6897
6896
6895
6894
6893
6764
6765
6766
6767
6768
6769
6640
6511
6512
6513
6514
6515
6516
6387
6258
6259
6260
6261
6262
6263
6264
6265
6266
6267
6268
6139
6010
6011
6012
6013
6014
6143
6142
6141
6140
6269
6270
6271
6272
6144
6015
5886
5885
5884
5883
5882
5881
5752
5753
5754
5755
5756
5757
5887
6016
6145
6273
6402
6531
6660
6659
6530
6401
6400
6399
6398
6397
6396
6395
6394
6393
6392
6391
6390
6389
6388
6517
6518
6519
6520
6521
6522
6523
6524
6525
6526
6527
6528
6529
6658
6657
6656
6655
6654
6653
6652
6651
6650
6649
6778
6779
6908
7037
7038
7039
7040
7041
7042
7043
7044
7045
7046
7047
7048
6919
6918
6917
6916
6915
6914
6913
6912
6911
6910
6909
6780
6781
6782
6783
6784
6785
6786
6787
6788
6789
6790
6661
6532
6662
6791
6920
6921
7050
7049
7178
7177
7176
7175
7174
7173
7172
7171
7170
7169
7168
7167
7166
7165
7164
7163
7292
7293
7422
7421
7420
7291
7162
7033
7034
7035
7036
6907
6906
6777
6648
6647
6646
6645
6644
6643
6772
6901
7030
7159
7158
7287
7288
7289
7160
7031
6902
6773
6774
6775
6776
6905
6904
6903
7032
7161
7290
7419
7418
7417
7416
7415
7414
7413
7283
7284
7285
7286
7157
7156
7155
7154
7153
7152
7410
7540
7670
7800
7930
8060
8190
8320
8450
8321
8322
8323
8194
8195
8196
8197
8198
8069
7940
7811
7810
7939
8068
8067
7938
7809
7808
7937
8066
8065
7936
7807
7806
7935
8064
8193
8192
8063
7934
7805
7804
7803
7932
7933
8062
8191
8061
7931
7801
7802
7673
7674
7675
7676
7677
7678
7679
7680
7681
7682
7683
7813
7812
7941
8070
8199
8328
8457
8458
8329
8200
8071
7942
7943
8072
8201
8330
8459
8460
8331
8202
8203
8332
8461
8462
8463
8592
8591
8590
8589
8588
8587
8586
8585
8456
8327
8326
8455
8584
8583
8454
8325
8324
8453
8582
8581
8452
8451
8580
8709
8838
8967
8968
9097
9226
9355
9484
9613
9742
9743
9614
9485
9356
9227
9098
8969
8970
8971
8972
8973
8974
8975
8846
8845
8844
8843
8842
8841
8840
8839
8710
8711
8712
8713
8714
8715
8716
8717
8718
8719
8720
8721
8722
8593
8464
8465
8594
8723
8724
8595
8596
8725
8726
8597
8727
8857
8728
8598
8468
8338
8337
8467
8466
8336
8335
8334
8333
8204
8205
8206
8207
8077
8076
8075
8074
8073
7944
7945
7946
7947
7948
7949
7950
8079
8078
8208
8209
8339
8469
8599
8729
8858
8987
9116
9245
9374
9373
9244
9372
9371
9370
9369
9368
9367
9366
9365
9364
9363
9492
9493
9622
9621
9620
9491
9362
9361
9490
9489
9360
9359
9488
9617
9746
9875
10004
10133
10132
10003
9874
9745
9616
9487
9358
9229
9230
9231
9232
9233
9234
9235
9236
9237
9238
9239
9240
9241
9242
9113
9112
9111
9110
9109
9108
8979
8980
8981
8982
8983
8984
8985
9114
9243
9115
8986
8856
8855
8854
8853
8852
8851
8850
8849
8848
8847
8976
8977
8978
9107
9106
9105
9104
9103
9102
9101
9100
9099
9228
9357
9486
9615
9744
9873
9872
9871
9870
9869
9868
9867
9866
9865
9864
9993
9994
9995
9996
9997
9998
9999
10000
10001
10002
10131
10130
10129
10128
10127
10126
10125
10124
10123
10122
10121
9863
9992
9991
10120
10119
10118
10117
10246
10247
10248
10249
10250
10251
10252
10253
10254
10255
10256
10257
10258
10259
10260
10261
10262
10263
10264
10265
10266
10267
10138
10137
10136
10007
10008
10009
10010
10011
10012
10013
10014
10015
10016
10017
10018
10019
10020
10021
9892
9891
9890
9889
9888
9887
9886
9885
9884
9883
9882
9881
9880
9879
9878
9877
10006
10135
10134
10005
9876
9747
9618
9619
9748
9749
9750
9751
9752
9753
9754
9755
9756
9627
9626
9625
9624
9623
9494
9495
9496
9497
9498
9499
9500
9501
9630
9629
9628
9757
9758
9759
9760
9761
9762
9763
9634
9633
9632
9631
9502
9503
9504
9375
9505
9764
9893
10022
10023
10024
10025
9896
9767
9766
9895
9894
9765
9636
9635
9506
9377
9376
9247
9248
9119
9118
9117
9246
8988
8859
8730
8601
8472
8473
8602
8731
8860
8989
8990
8861
8732
8603
8474
8345
8344
8343
8342
8471
8600
8470
8213
8083
7954
7825
8084
8214
8215
8216
8087
8088
7959
7960
7831
7702
7573
7444
7315
7314
7443
7185
7186
7057
7056
7184
7313
7442
7571
7700
7701
7572
7830
7958
7829
7828
7957
8086
8085
7956
7955
7826
7827
7698
7699
7570
7569
7568
7697
7696
7567
7438
7309
7437
7566
7695
7824
7953
7694
7565
7564
7563
7562
7561
7560
7559
7688
7689
7690
7691
7692
7693
7822
7823
7952
8081
8082
8211
8212
8341
8340
8210
8080
7951
7821
7820
7819
7818
7817
7816
7815
7814
7684
7685
7686
7687
7558
7557
7556
7555
7554
7425
7426
7427
7428
7429
7430
7431
7432
7433
7434
7435
7436
7308
7180
7181
7310
7439
7440
7441
7312
7311
7182
7183
7054
7055
6926
6925
6796
6797
6798
6927
6928
6799
6670
6671
6800
6801
6930
6929
7058
7059
7187
7316
7188
7317
7446
7445
7574
7703
7832
7961
8090
8089
8218
8217
8346
8475
8604
8733
8862
8991
8863
8864
8865
8866
8867
8868
8997
8998
8869
8740
8739
8738
8737
8736
8735
8734
8605
8606
8607
8608
8609
8610
8482
8611
8612
8483
8354
8355
8356
8485
8484
8613
8742
8741
8870
8999
9128
9127
9256
9257
9386
9515
9385
9126
8996
8995
8994
8993
8992
9120
9249
9378
9507
9637
9508
9379
9638
9639
9640
9511
9510
9509
9380
9381
9382
9253
9252
9251
9250
9121
9122
9123
9124
9125
9254
9255
9384
9383
9512
9641
9642
9513
9514
9643
9644
9645
9646
9647
9518
9389
9390
9519
9648
9649
9650
9651
9652
9653
9654
9655
9656
9527
9526
9397
9398
9399
9528
9529
9530
9401
9400
9271
9272
9273
9274
9403
9402
9531
9532
9533
9404
9275
9276
9277
9406
9405
9534
9535
9536
9537
9538
9409
9280
9281
9282
9411
9410
9539
9540
9541
9412
9283
9154
9153
9152
9151
9150
9279
9408
9407
9278
9149
9148
9147
9146
9145
9144
9143
9142
9141
9270
9269
9268
9139
9140
9011
9010
8881
8882
8883
9012
9013
9014
9015
8886
8887
9016
9017
9018
9019
9020
9021
8892
8893
9022
9023
9024
9025
8896
8895
8894
8765
8766
8767
8768
8897
8898
8769
8770
8899
9028
9027
9026
9155
9156
9157
9286
9285
9284
9413
9542
9543
9414
9415
9544
9673
9672
9671
9670
9669
9668
9667
9666
9665
9664
9663
9662
9661
9660
9659
9658
9657
9786
9787
9788
9789
9790
9791
9792
9793
9794
9795
9796
9797
9798
9799
9800
9801
9802
9931
9930
9929
9928
9927
9926
9925
9924
9923
9922
9921
9920
9919
9918
9917
9916
9915
9914
9785
9784
9913
9912
9783
9782
9911
9910
9781
9780
9909
9908
9779
9778
9907
9906
9777
9776
9905
9904
9775
9774
9773
9772
9771
9770
9769
9768
9897
9898
9899
9900
9901
10030
10029
10028
10027
10026
10155
10156
10285
10415
10286
10157
10158
10159
10160
10031
9902
9903
10032
10033
10034
10163
10292
10291
10162
10161
10290
10289
10418
10419
10548
10547
10676
10805
10806
10677
10678
10807
10936
10935
10934
11063
11062
10933
10804
10675
10546
10417
10288
10287
10416
10545
10674
10803
10932
11061
11190
11319
11318
11189
11060
10931
10802
10673
10544
10414
10284
10154
10153
10283
10413
10543
10672
10801
10930
11059
11188
11316
11444
11572
11700
11699
11698
11697
11696
11695
11694
11693
11692
11691
11690
11689
11688
11687
11686
11685
11684
11683
11812
11941
12070
12199
12329
12328
12458
12587
12716
12715
12586
12457
12456
12455
12454
12453
12452
12581
12582
12583
12584
12585
12714
12713
12712
12711
12710
12709
12708
12707
12836
12837
12966
12967
12968
12969
12970
12971
12972
12973
12974
12845
12844
12843
12842
12841
12840
12839
12838
13096
13097
13098
13099
13100
13101
13102
13103
13231
13230
13229
13228
13227
13226
13225
13095
12965
12835
12705
12706
12577
12576
12447
12317
12575
12446
12445
12316
12315
12186
12185
12056
12055
11926
11925
11796
11795
11794
11665
11664
11535
11534
11533
11663
11793
11923
12053
12183
12313
12443
12573
12703
12833
12962
12963
13093
13223
13352
13353
13482
13481
13480
13351
13222
13221
13092
13091
13090
13089
13088
13087
13216
13345
13474
13603
13604
13475
13346
13217
13218
13219
13220
13349
13350
13479
13478
13477
13348
13347
13476
13605
13606
13607
13608
13609
13610
13611
13612
13483
13484
13613
13742
13741
13740
13739
13738
13737
13736
13735
13734
13733
13732
13731
13602
13473
13344
13215
13086
12957
12958
12959
12960
12961
12832
12831
12702
12572
12701
12830
12829
12828
12827
12956
13085
13214
13213
13084
12955
12954
12953
12952
12951
12950
12821
12822
12823
12824
12825
12826
12697
12696
12695
12694
12693
12564
12565
12436
12437
12566
12567
12568
12439
12438
12309
12308
12307
12306
12435
12434
12433
12562
12563
12692
12691
12820
12949
12948
12947
12946
12945
13075
13076
13077
13078
13079
13080
13081
13082
13083
13212
13341
13470
13599
13600
13471
13342
13343
13472
13601
13730
13729
13728
13727
13726
13725
13724
13723
13722
13852
13853
13854
13855
13856
13857
13858
13859
13860
13861
13862
13863
13864
13865
13866
13867
13868
13869
13870
13871
13872
14001
14000
13999
13998
13997
13996
13995
13994
13993
13992
13991
13990
13989
13988
13987
13986
13985
13984
13983
13982
14112
14113
14242
14372
14373
14374
14375
14376
14377
14378
14379
14380
14381
14382
14383
14384
14385
14514
14513
14512
14511
14510
14509
14508
14507
14506
14505
14504
14503
14502
14632
14633
14634
14635
14636
14637
14638
14639
14640
14641
14642
14643
14515
14386
14387
14258
14257
14256
14255
14254
14253
14252
14251
14250
14249
14248
14247
14246
14245
14244
14243
14114
14115
14116
14117
14118
14119
14120
14121
14122
14123
14124
14125
14126
14127
14128
14129
14130
14259
14388
14516
14644
14645
14517
14389
14260
14131
14002
13873
13743
13614
13485
13486
13744
13615
13487
13488
13489
13361
13233
13362
13363
13234
13235
13364
13365
13236
13237
13366
13367
13368
13369
13370
13371
13372
13243
13244
13373
13374
13375
13504
13505
13506
13635
13636
13507
13508
13509
13510
13639
13638
13637
13766
13895
13894
13765
13764
13893
13892
13891
13890
13761
13762
13763
13634
13633
13632
13503
13502
13501
13500
13499
13498
13627
13756
13757
13628
13629
13630
13631
13760
13759
13758
13887
13886
13885
13884
13755
13754
13753
13624
13625
13626
13497
13496
13495
13494
13623
13622
13493
13492
13621
13750
13749
13620
13491
13490
13619
13618
13747
13748
13877
13876
14005
14006
14007
13878
13879
14008
14009
13880
13751
13752
13881
14010
14011
13882
13883
14012
14013
14014
14015
14016
14017
13888
13889
14018
14019
14020
14021
14022
14023
14024
14025
13896
13767
13768
13897
14026
14027
13898
13899
14028
14029
13900
13771
13770
13769
13640
13511
13512
13641
13642
13513
13514
13515
13516
13517
13518
13519
13520
13521
13522
13651
13652
13523
13524
13525
13654
13653
13782
13781
13780
13909
13908
13907
13906
13777
13778
13779
13650
13649
13648
13647
13776
13775
13646
13645
13644
13643
13772
13773
13774
13903
13902
13901
14030
14031
14032
14033
13904
13905
14034
14035
14036
14037
14038
14039
13910
13911
14040
14041
14042
14043
14044
14045
14046
14047
13918
13917
13916
13787
13786
13915
13914
13913
13912
13783
13784
13785
13656
13655
13526
13527
13528
13657
13658
13529
13530
13531
13532
13533
13534
13535
13664
13663
13792
13791
13662
13661
13660
13659
13788
13789
13790
13919
14048
14049
13920
13921
14050
14051
14052
14053
13924
13923
13922
13793
13794
13795
13666
13665
13536
13537
13538
13667
13668
13539
13540
13669
13798
13797
13796
13925
14054
14055
13926
13927
14056
14057
14058
14059
13930
13929
13928
13799
13800
13801
13672
13543
13542
13671
13670
13541
13412
13413
13414
13285
13284
13283
13154
13155
13156
13027
13026
13025
12896
12897
12898
12769
12640
12639
12768
12767
12638
12637
12636
12765
12766
12895
12894
12893
13022
13023
13024
13153
13152
13151
13280
13281
13282
13411
13410
13409
13408
13279
13278
13407
13406
13405
13404
13403
13402
13273
13272
13401
13400
13399
13398
13397
13396
13395
13394
13393
13392
13263
13262
13391
13390
13389
13388
13387
13386
13257
13256
13385
13384
13383
13382
13381
13380
13379
13378
13377
13376
13247
13246
13245
13116
13115
13114
13113
13242
13241
13240
13239
13238
13109
13110
13111
13112
12983
12982
12981
12980
12979
13108
13107
12978
12849
12720
12591
12592
12721
12850
12851
12852
12723
12722
12593
12594
12595
12724
12853
12854
12725
12596
12597
12598
12599
12728
12857
12856
12727
12726
12855
12984
12985
12986
12987
12988
13117
13118
12989
12990
12991
12862
12861
12860
12731
12732
12733
12734
12863
12864
12865
12994
12993
12992
13121
13120
13119
13248
13249
13250
13251
13122
13123
13252
13253
13254
13255
13126
13125
13124
12995
12996
12997
12998
13127
13128
12999
13000
13001
13130
13129
13258
13259
13260
13261
13132
13131
13002
13003
13004
13133
13134
13005
13006
13007
13008
13137
13136
13135
13264
13265
13266
13267
13138
13139
13268
13269
13270
13271
13142
13141
13140
13011
13010
13009
12880
12881
12882
12753
12754
12755
12884
12883
13012
13013
13014
13143
13144
13015
13016
13017
13018
13147
13146
13145
13274
13275
13276
13277
13148
13149
13150
13021
13020
13019
12890
12891
12892
12763
12764
12635
12634
12633
12762
12761
12760
12889
12888
12759
12630
12631
12632
12503
12502
12373
12374
12375
12504
12505
12376
12377
12506
12507
12378
12379
12508
12509
12510
12511
12382
12381
12380
12251
12122
12123
12252
12253
12124
11995
11866
11865
11994
11993
11864
11863
11862
11733
11732
11731
11730
11729
11728
11727
11726
11725
11724
11595
11596
11597
11598
11599
11600
11601
11602
11603
11604
11605
11734
11735
11606
11607
11736
11737
11608
11479
11350
11349
11478
11477
11348
11347
11476
11475
11346
11345
11474
11473
11472
11471
11342
11343
11344
11215
11214
11213
11212
11211
11082
11081
11210
11209
11080
10951
10950
11079
11208
11207
11206
11205
11204
11203
11074
11073
11202
11201
11200
11199
11070
10941
10940
11069
11198
11197
11068
10939
10810
10681
10682
10811
10812
10683
10684
10685
10814
10813
10942
11071
11072
10943
10944
10815
10686
10687
10688
10817
10816
10945
10946
11075
11076
11077
11078
10949
10820
10819
10948
10947
10818
10689
10690
10691
10692
10821
10822
10693
10564
10563
10562
10433
10434
10435
10436
10565
10566
10567
10696
10825
10824
10695
10694
10823
10952
10953
10954
11083
11084
10955
10826
10697
10698
10827
10828
10699
10700
10701
10830
10829
10958
10957
10956
11085
11086
11087
11216
11217
11218
11219
11220
11221
11092
11091
11090
11089
11088
10959
10960
10831
10702
10703
10704
10833
10832
10961
10962
10963
10834
10705
10576
10575
10446
10447
10318
10317
10188
10189
10060
10059
10058
10057
10186
10187
10316
10315
10444
10445
10574
10573
10572
10443
10442
10571
10570
10569
10568
10439
10440
10441
10312
10313
10314
10185
10056
10055
10184
10183
10054
10053
10182
10311
10310
10181
10052
10051
10050
10179
10180
10309
10438
10437
10308
10307
10306
10305
10176
10177
10178
10049
10048
10047
10046
10045
10174
10175
10304
10303
10302
10431
10432
10561
10560
10559
10430
10429
10558
10557
10556
10555
10554
10553
10552
10423
10424
10425
10426
10427
10428
10299
10300
10301
10172
10173
10044
10043
10042
10171
10170
10041
10040
10039
10168
10169
10298
10297
10296
10167
10038
10037
10036
10035
10164
10165
10166
10295
10294
10293
10422
10421
10420
10549
10550
10551
10680
10679
10808
10809
10938
10937
11066
11067
11196
11195
11194
11065
11064
11193
11192
11191
11320
11321
11450
11449
11448
11447
11576
11577
11578
11579
11708
11709
11710
11711
11712
11713
11714
11715
11586
11585
11584
11583
11582
11581
11580
11451
11322
11323
11452
11453
11324
11325
11454
11455
11326
11327
11456
11457
11328
11329
11458
11459
11330
11331
11332
11333
11334
11335
11336
11337
11338
11339
11340
11341
11470
11469
11468
11467
11466
11465
11464
11463
11462
11461
11460
11589
11588
11587
11716
11717
11718
11719
11590
11591
11720
11721
11592
11593
11594
11723
11722
11851
11850
11849
11978
11977
11848
11847
11846
11845
11844
11843
11842
11841
11840
11839
11838
11837
11836
11707
11706
11705
11704
11833
11834
11835
11964
11965
11966
12095
12096
11967
11968
11969
11970
12099
12228
12227
12098
12097
12226
12225
12224
12223
12094
12093
12222
12351
12350
12349
12348
12347
12346
12345
12344
12343
12472
12473
12474
12475
12476
12477
12478
12479
12480
12481
12352
12353
12482
12483
12354
12355
12356
12357
12358
12359
12488
12489
12360
12361
12490
12491
12492
12493
12494
12365
12364
12363
12362
12233
12104
12103
12232
12231
12230
12229
12100
11971
11972
12101
12102
11973
11974
11975
11976
12105
12234
12235
12106
12107
12236
12237
12108
11979
11980
11981
11852
11853
11854
11855
11856
11857
11858
11859
11860
11861
11990
11991
11992
12121
12250
12249
12120
12119
12248
12247
12118
11989
11988
11987
11986
12115
12116
12117
12246
12245
12244
12243
12242
12113
12114
11985
11984
11983
11982
12111
12112
12241
12240
12239
12110
12109
12238
12367
12366
12495
12496
12497
12368
12369
12498
12499
12370
12371
12372
12501
12500
12629
12628
12757
12758
12887
12886
12885
12756
12627
12626
12625
12624
12623
12752
12751
12622
12621
12620
12749
12750
12879
12878
12877
12748
12619
12618
12747
12876
12875
12746
12617
12616
12487
12486
12485
12484
12613
12614
12615
12744
12745
12874
12873
12872
12743
12742
12871
12870
12869
12740
12741
12612
12611
12610
12739
12868
12867
12866
12737
12738
12609
12608
12607
12736
12735
12606
12605
12604
12603
12602
12601
12730
12859
12858
12729
12600
12471
12470
12469
12340
12341
12342
12213
12214
12215
12086
12085
12084
12083
12212
12211
12082
12081
12080
12079
12078
12207
12208
12337
12338
12209
12210
12339
12468
12467
12466
12465
12336
12335
12464
12463
12334
12333
12462
12461
12590
12719
12848
12977
13106
13105
12976
12847
12718
12589
12460
12331
12332
12203
12204
12205
12206
12077
12076
12075
12074
12073
12202
12201
12072
11943
11944
11945
11946
11947
11948
11949
11950
11951
11952
11953
11954
11955
11956
11957
11958
12087
12216
12217
12088
11959
11960
12089
12218
12219
12090
12091
12220
12221
12092
11963
11962
11961
11832
11703
11574
11575
11446
11317
11445
11573
11701
11702
11831
11830
11829
11828
11827
11826
11825
11824
11823
11822
11821
11820
11819
11818
11817
11816
11815
11814
11813
11942
12071
12200
12330
12459
12588
12717
12846
12975
13104
13232
13360
13359
13358
13357
13356
13355
13354
13224
13094
12964
12834
12704
12574
12444
12314
12184
12054
11924
11666
11667
11538
11537
11536
11407
11278
11279
11408
11409
11280
11281
11282
11283
11284
11285
11156
11027
11028
11029
10900
10899
10898
10897
11026
11155
11154
11153
11024
11025
10896
10895
10894
10893
10892
10891
10890
10889
10888
11017
11016
10887
10886
11015
11144
11145
11146
11147
11018
11019
11020
11021
11022
11023
11152
11151
11150
11149
11148
11277
11276
11406
11405
11404
11275
11274
11403
11273
11143
11142
11141
11140
11139
11268
11397
11526
11655
11654
11653
11652
11651
11650
11649
11648
11647
11776
11905
12034
12035
11906
11777
11778
11779
11780
11781
11782
11783
11784
11785
11656
11527
11398
11269
11270
11271
11272
11402
11532
11662
11792
11922
12052
12182
12312
12442
12571
12700
12699
12698
12569
12570
12441
12440
12311
12310
12181
12180
12051
12050
12179
12178
12177
12176
12305
12304
12175
12174
12173
12172
12171
12300
12429
12428
12427
12556
12557
12558
12559
12430
12301
12302
12303
12432
12431
12560
12561
12690
12819
12818
12689
12688
12817
12816
12687
12686
12815
12685
12555
12426
12425
12296
12297
12298
12299
12170
12169
12168
12167
12166
12037
12038
12039
12040
12041
12042
12043
12044
12045
12046
11917
11916
11787
11788
11658
11529
11530
11659
11660
11789
11790
11919
11918
12047
12048
12049
11920
11921
11791
11661
11531
11401
11400
11399
11528
11657
11786
11915
11914
11913
11912
11911
11910
11909
11908
11907
12036
12165
12295
12424
12554
12684
12814
12944
13074
13204
13334
13464
13465
13466
13467
13468
13339
13338
13337
13336
13335
13205
13206
13207
13208
13209
13210
13211
13340
13469
13598
13597
13596
13595
13594
13593
13592
13591
13721
13851
13981
14111
14241
14371
14501
14631
14630
14629
14758
14759
14760
14761
14762
14763
14764
14765
14766
14767
14768
14769
14770
14771
14772
14773
14774
14646
14518
14647
14776
14775
14904
14903
14902
14901
14900
14899
14898
14897
14896
14895
14894
14893
14892
14891
15020
15021
15022
15023
15024
15025
15026
15027
15028
15029
15030
15031
15032
15033
15034
14905
14906
14907
14908
14909
14780
14779
14778
14777
14648
14519
14390
14261
14132
14003
13874
13745
13616
13617
13746
13875
14004
14133
14262
14391
14520
14649
14650
14651
14652
14653
14654
14655
14656
14657
14658
14787
14786
14785
14784
14783
14782
14781
14910
14911
14912
14913
14914
14915
14916
14917
14918
14919
14920
14921
14922
14923
14924
14925
14796
14795
14794
14793
14792
14791
14790
14789
14788
14659
14660
14661
14662
14663
14664
14665
14666
14667
14668
14669
14798
14797
14926
14927
14928
14799
14800
14929
14930
14931
14802
14801
14672
14671
14670
14541
14542
14543
14414
14415
14416
14287
14286
14285
14284
14413
14412
14283
14282
14281
14280
14409
14410
14411
14540
14539
14538
14537
14408
14407
14536
14535
14534
14533
14404
14405
14406
14277
14276
14275
14274
14403
14532
14531
14402
14401
14530
14529
14528
14399
14400
14271
14270
14269
14398
14527
14526
14525
14524
14523
14522
14521
14392
14393
14394
14265
14264
14263
14134
14135
14136
14137
14266
14395
14396
14397
14268
14267
14138
14139
14140
14141
14142
14143
14272
14273
14144
14145
14146
14147
14148
14149
14278
14279
14150
14151
14152
14153
14154
14155
14156
14157
14158
14159
14288
14289
14160
14161
14162
14163
14164
14165
14294
14295
14166
14167
14168
14297
14296
14425
14426
14427
14298
14169
14170
14171
14172
14173
14302
14431
14432
14303
14174
14175
14304
14305
14176
14177
14178
14179
14180
14181
14310
14311
14182
14183
14184
14185
14186
14315
14444
14445
14316
14187
14188
14317
14446
14575
14574
14573
14572
14443
14314
14313
14312
14441
14442
14571
14570
14569
14440
14439
14568
14567
14438
14309
14308
14307
14306
14435
14436
14437
14566
14565
14564
14563
14434
14433
14562
14561
14560
14559
14430
14301
14300
14299
14428
14429
14558
14557
14556
14555
14554
14553
14424
14423
14552
14551
14550
14421
14422
14293
14292
14291
14290
14419
14420
14549
14548
14547
14418
14417
14546
14545
14544
14673
14674
14803
14932
14933
14934
14805
14804
14675
14676
14677
14678
14679
14680
14681
14810
14809
14808
14807
14806
14935
14936
14937
14938
14939
14940
14811
14682
14683
14684
14813
14812
14941
14942
14943
14814
14685
14686
14687
14688
14689
14690
14691
14820
14819
14818
14817
14816
14815
14944
14945
14946
14947
14948
14949
14950
14951
14822
14821
14692
14693
14694
14823
14952
14953
14954
14825
14824
14695
14696
14697
14826
14955
14956
14957
14828
14827
14698
14699
14700
14701
14702
14703
14704
14833
14962
14961
14832
14831
14960
14959
14830
14829
14958
15087
15088
15217
15346
15347
15348
15219
15218
15089
15090
15091
15220
15349
15478
15607
15606
15477
15476
15605
15734
15735
15736
15865
15864
15863
15992
15991
15990
16119
16120
16121
16122
15993
15994
16123
16252
16251
16250
16249
16248
16247
16118
16117
16116
15987
15988
15989
15860
15861
15862
15733
15732
15731
15730
15859
15858
15729
15728
15727
15726
15725
15724
15723
15852
15853
15854
15855
15856
15857
15986
15985
15984
15983
15982
15981
15980
15851
15850
15979
15978
16107
16236
16235
16106
15977
15976
15975
15974
16103
16104
16105
16234
16233
16232
16231
16102
16101
16100
15971
15972
15973
15844
15845
15846
15847
15848
15849
15720
15721
15722
15593
15464
15463
15592
15591
15462
15461
15332
15331
15460
15589
15590
15719
15718
15717
15716
15715
15714
15843
15842
15713
15712
15711
15840
15841
15970
15969
15968
16097
16098
16099
16228
16227
16226
16225
16096
16095
16094
16093
16222
16221
16220
16219
16090
16089
16218
16217
16088
16087
16216
16215
16086
16085
16084
15955
15956
15957
15958
15959
15960
15831
15832
15961
15962
16091
16092
15963
15964
15965
15966
15967
15838
15839
15710
15709
15580
15579
15450
15451
15452
15581
15582
15583
15584
15585
15586
15457
15458
15587
15588
15459
15330
15201
15202
15203
15204
15333
15334
15205
15206
15335
15336
15207
15208
15337
15466
15465
15594
15595
15596
15597
15468
15467
15338
15339
15340
15211
15212
15341
15342
15343
15472
15471
15470
15469
15598
15599
15600
15601
15602
15603
15604
15475
15474
15473
15344
15345
15216
15215
15086
15085
15214
15213
15084
15083
15082
15081
15210
15209
15080
15079
15078
15077
15076
15075
15074
15073
15072
15071
15200
15329
15328
15199
15070
15069
15198
15197
15068
15067
15066
15195
15196
15325
15326
15327
15456
15455
15454
15453
15324
15323
15322
15193
15194
15065
15064
15063
15062
15191
15192
15321
15320
15319
15318
15447
15448
15449
15578
15577
15576
15705
15706
15707
15708
15837
15836
15835
15834
15833
15704
15703
15702
15573
15444
15445
15574
15575
15446
15317
15188
15189
15190
15061
15060
15059
15058
15057
15056
15055
15184
15185
15186
15187
15316
15315
15314
15443
15572
15571
15570
15569
15568
15439
15440
15441
15442
15313
15312
15311
15310
15181
15182
15183
15054
15053
15052
15051
15050
15179
15180
15309
15308
15307
15436
15437
15438
15567
15566
15565
15564
15563
15562
15433
15434
15435
15306
15177
15178
15049
15048
15047
15176
15305
15304
15303
15302
15173
15174
15175
15046
15045
15044
15043
15172
15301
15430
15559
15560
15431
15432
15561
15690
15689
15688
15687
15686
15557
15558
15429
15428
15299
15300
15171
15042
15041
15170
15169
15040
15039
15168
15297
15298
15427
15556
15555
15426
15425
15554
15553
15552
15551
15550
15549
15548
15419
15420
15421
15422
15293
15294
15423
15424
15295
15296
15167
15038
15037
15166
15165
15036
15035
15164
15163
15292
15291
15162
15161
15290
15289
15160
15159
15288
15417
15418
15547
15546
15545
15416
15415
15544
15543
15414
15413
15412
15541
15542
15671
15670
15669
15798
15797
15668
15667
15796
15795
15666
15665
15664
15535
15536
15407
15406
15405
15534
15533
15532
15531
15530
15401
15402
15403
15404
15275
15146
15017
15018
15147
15276
15277
15278
15279
15408
15537
15538
15409
15410
15539
15540
15411
15282
15283
15284
15285
15286
15287
15158
15157
15156
15155
15154
15153
15152
15281
15280
15151
15150
15149
15148
15019
14890
14889
14888
14887
14886
14885
14756
14757
14628
14627
14498
14497
14496
14367
14238
14237
14366
14495
14624
14623
14494
14365
14236
14107
13978
13979
14108
14109
14239
14368
14369
14499
14500
14370
14240
14110
13980
13850
13720
13590
13460
13459
13330
13329
13458
13587
13716
13845
13974
13975
13976
13847
13846
13717
13588
13589
13718
13719
13848
13849
13977
14106
14235
14364
14493
14622
14750
14751
14752
14753
14754
14625
14626
14755
14884
14883
14882
14881
14880
14879
15008
15009
15010
15011
15012
15013
15014
15015
15016
15145
15274
15273
15144
15143
15272
15271
15142
15141
15270
15269
15140
15139
15268
15267
15138
15137
15136
15135
15264
15265
15266
15395
15396
15397
15398
15399
15400
15529
15528
15527
15526
15525
15524
15523
15394
15393
15522
15521
15392
15263
15134
15133
15262
15261
15132
15131
15002
15003
15004
15005
15006
15007
14878
14877
14876
14875
14874
14873
14872
15001
15000
14871
14870
14869
14868
14867
14866
14737
14738
14609
14608
14607
14478
14479
14480
14350
14220
14090
13960
13830
13700
13699
13570
13441
13311
13440
13569
13698
13827
13826
13825
13954
13955
13956
13957
13828
13829
13958
13959
14088
14089
14219
14349
14348
14347
14218
14217
14346
14345
14344
14215
14216
14087
14086
14085
14214
14343
14342
14213
14084
14083
14212
14341
14470
14471
14472
14473
14474
14475
14476
14477
14606
14605
14604
14603
14602
14601
14600
14599
14728
14857
14858
14729
14730
14859
14860
14731
14732
14733
14734
14735
14736
14865
14864
14863
14862
14861
14990
15119
15120
14991
14992
14993
14994
14995
15124
15123
15252
15251
15122
15121
15250
15249
15248
15377
15378
15379
15508
15507
15506
15505
15376
15247
15246
15245
15116
15117
15118
14989
14988
14987
14986
15115
15244
15373
15502
15503
15374
15375
15504
15633
15634
15635
15636
15637
15766
15765
15764
15763
15762
15761
15632
15631
15760
15889
16018
16147
16146
16017
15888
15759
15630
15501
15372
15243
15114
14985
14856
14727
14598
14469
14340
14211
14082
13953
13824
13695
13696
13697
13568
13439
13310
13181
13180
13309
13438
13567
13566
13437
13308
13179
13050
12921
12792
12663
12534
12533
12662
12791
12920
13049
13178
13307
13436
13565
13694
13823
13952
14081
14210
14339
14468
14597
14726
14855
14984
15113
15242
15371
15500
15629
15758
15887
16016
16145
16144
16272
16401
16400
16399
16398
16397
16396
16395
16394
16393
16392
16391
16390
16389
16388
16387
16386
16385
16512
-1
EOF
