NAME : test.18437334.tour
COMMENT : Length = 18437334
COMMENT : Found by LKH [Keld Helsgaun] Sun Jan 22 21:14:02 2023
TYPE : TOUR
DIMENSION : 16384
TOUR_SECTION
1
16129
16001
15873
15745
15617
15489
15361
15233
15105
14977
14849
14721
14593
14465
14337
14209
14081
13953
13825
13697
13569
13441
13313
13185
13057
12929
12801
12673
12545
12417
12289
12161
12033
11905
11777
11649
11521
11393
11265
11137
11009
10881
10753
10625
10497
10369
10241
10113
9985
9857
9729
9601
9473
9345
9217
9089
8961
8833
8705
8577
8449
8321
8193
8065
7937
7809
7681
7553
7425
7297
7169
7041
6913
6785
6657
6529
6401
6273
6145
6017
5889
5761
5633
5505
5377
5249
5121
4993
4865
4737
4609
4481
4353
4225
4097
3969
3841
3713
3585
3457
3329
3201
3073
2945
2817
2689
2561
2433
2305
2177
2049
1921
1793
1665
1537
1409
1281
1153
1025
897
769
641
513
385
257
129
16257
2
3
4
5
6
7
8
9
10
11
12
13
14
15
16
17
18
19
20
21
22
23
24
25
26
27
28
29
30
31
32
33
34
35
36
37
38
39
40
41
42
43
44
45
46
47
48
49
50
51
52
53
54
55
56
57
58
59
60
61
62
63
64
65
66
67
68
69
70
71
72
73
74
75
76
77
78
79
80
81
82
83
84
85
86
87
88
89
90
91
92
93
94
95
96
97
98
99
100
101
102
103
104
105
106
107
108
109
110
111
112
113
114
115
116
117
118
119
120
121
122
123
124
125
126
127
128
256
255
254
253
252
251
250
249
248
247
246
245
244
243
242
241
240
239
238
237
236
235
234
233
232
231
230
229
228
227
226
225
224
223
222
221
220
219
218
217
216
215
214
213
212
211
210
209
208
207
206
205
204
203
202
201
200
199
198
197
196
195
194
193
192
191
190
189
188
187
186
185
184
183
182
181
180
179
178
177
176
175
174
173
172
171
170
169
168
167
166
165
164
163
162
161
160
159
158
157
156
155
154
153
152
151
150
149
148
147
146
145
144
143
142
141
140
139
138
137
136
135
134
133
132
131
130
258
386
514
642
770
898
1026
1154
1282
1410
1538
1666
1794
1922
2050
2178
2306
2434
2562
2690
2818
2946
3074
3202
3330
3458
3586
3714
3842
3970
4098
4226
4354
4482
4610
4738
4866
4994
5122
5250
5251
5379
5378
5506
5634
5762
5890
6018
6146
6274
6402
6530
6658
6659
6531
6403
6275
6147
6019
5891
5763
5635
5507
5380
5381
5382
5383
5512
5640
5768
5896
6024
6152
6280
6281
6409
6537
6665
6408
6536
6664
6663
6535
6407
6279
6151
6023
5895
5767
5639
5511
5510
5509
5508
5636
5764
5892
6020
6148
6276
6404
6532
6660
6788
7045
7302
7431
7560
7689
7818
7817
7816
7815
7943
7942
7941
8069
8197
8196
8195
8067
8068
7940
7939
7811
7812
7813
7814
7686
7687
7688
7559
7558
7430
7429
7428
7556
7557
7685
7684
7683
7555
7427
7299
7300
7301
7173
7172
7171
7043
7044
6916
6915
6787
6786
6914
7042
7170
7298
7426
7554
7682
7810
7938
8066
8194
8322
8450
8578
8706
8834
8962
9090
9218
9346
9474
9602
9730
9858
9986
10114
10242
10370
10498
10626
10754
10882
11010
11138
11266
11394
11522
11650
11778
11906
12034
12162
12290
12418
12546
12674
12802
12930
13058
13186
13314
13442
13570
13698
13826
13954
14082
14210
14338
14466
14594
14722
14850
14978
15106
15234
15362
15490
15618
15746
15874
16002
16130
16258
16259
16131
16132
16260
16261
16133
16005
16004
16003
15875
15876
15877
15749
15748
15747
15619
15491
15492
15620
15621
15493
15494
15366
15365
15364
15363
15235
15107
15108
15236
15237
15238
15110
15109
14981
14980
14979
14851
14723
14724
14852
14853
14725
14726
14727
14728
14600
14599
14598
14597
14596
14595
14467
14468
14469
14470
14471
14472
14473
14601
14602
14474
14475
14603
14604
14605
14606
14607
14608
14609
14610
14611
14612
14613
14614
14615
14616
14617
14618
14619
14620
14621
14622
14623
14624
14625
14626
14754
14753
14752
14751
14750
14878
14879
14880
15008
15007
15006
15005
15004
14876
14877
14749
14748
14747
14746
14874
14875
15003
15002
15001
14873
14745
14744
14743
14871
14872
15000
14999
14998
14870
14742
14741
14740
14739
14738
14866
14867
14868
14869
14997
14996
14995
14994
14993
14992
14991
14863
14864
14865
14737
14736
14735
14734
14862
14990
14989
14988
14987
14859
14860
14861
14733
14732
14731
14730
14729
14857
14858
14986
14985
14984
14856
14855
14854
14982
14983
15111
15239
15367
15368
15240
15112
15113
15241
15242
15114
15115
15243
15244
15116
15117
15245
15246
15118
15119
15120
15121
15249
15250
15122
15123
15251
15252
15124
15125
15253
15254
15126
15127
15255
15256
15128
15129
15130
15131
15259
15387
15386
15258
15257
15385
15384
15383
15382
15381
15380
15379
15378
15377
15376
15248
15247
15375
15374
15373
15372
15371
15370
15369
15497
15498
15499
15500
15501
15502
15630
15629
15628
15627
15626
15625
15624
15496
15495
15623
15622
15750
15751
15752
15753
15754
15755
15756
15757
15758
15759
15760
15761
15762
15890
15889
15888
16016
16015
15887
15886
15885
15884
15883
15882
16010
16009
15881
15880
15879
15878
16006
16007
16008
16136
16135
16134
16262
16263
16264
16265
16137
16138
16266
16267
16139
16011
16012
16013
16014
16142
16141
16140
16268
16269
16270
16271
16143
16144
16272
16273
16145
16017
16018
16146
16274
16275
16147
16148
16276
16277
16149
16150
16278
16279
16151
16023
16024
16152
16280
16281
16153
16154
16282
16283
16284
16285
16157
16156
16155
16027
16028
16029
16030
16158
16286
16287
16159
16160
16288
16289
16290
16162
16161
16033
16034
16035
15907
15906
15905
15904
16032
16031
15903
15902
15901
15900
15899
15898
16026
16025
15897
15896
15895
15894
16022
16021
16020
16019
15891
15892
15893
15765
15764
15763
15635
15634
15633
15632
15631
15503
15504
15505
15506
15507
15508
15636
15637
15509
15510
15511
15512
15640
15639
15638
15766
15767
15768
15769
15770
15771
15772
15773
15774
15775
15776
15777
15778
15779
15780
15781
15909
15908
16036
16037
16165
16164
16163
16291
16292
16293
16294
16166
16167
16295
16296
16297
16298
16170
16169
16168
16040
16039
16038
15910
15911
15912
15913
16041
16042
15914
15915
15916
15917
16045
16044
16043
16171
16299
16300
16172
16173
16301
16302
16303
16304
16176
16175
16174
16046
16047
16048
16049
16177
16305
16306
16178
16179
16307
16308
16309
16310
16182
16181
16180
16052
16053
16054
16055
16183
16311
16312
16313
16185
16184
16056
15928
15927
15926
15925
15924
15923
16051
16050
15922
15921
15920
15919
15918
15790
15789
15788
15787
15786
15785
15784
15783
15782
15654
15526
15398
15270
15269
15397
15396
15268
15267
15395
15523
15524
15525
15653
15652
15651
15650
15522
15521
15649
15648
15647
15646
15645
15644
15643
15642
15641
15513
15514
15515
15516
15517
15518
15519
15520
15392
15393
15394
15266
15265
15264
15263
15391
15390
15389
15388
15260
15132
15133
15261
15262
15134
15135
15136
15137
15138
15139
15140
15141
15142
15143
15271
15399
15400
15272
15144
15145
15273
15401
15402
15403
15275
15274
15146
15147
15148
15149
15150
15151
15152
15153
15281
15409
15408
15280
15279
15407
15406
15278
15277
15276
15404
15405
15533
15532
15531
15530
15529
15528
15527
15655
15656
15657
15658
15659
15660
15661
15662
15534
15535
15536
15664
15663
15791
15792
15793
15794
15795
15796
15797
15798
15799
15800
15801
15802
15803
15804
15805
15806
15807
15808
15809
15810
15811
15812
15813
15814
15815
15816
15817
15945
16073
16072
15944
15943
16071
16070
15942
15941
15940
15939
16067
16066
15938
15937
15936
15935
15934
15933
16061
16060
15932
15931
15930
15929
16057
16058
16059
16187
16186
16314
16315
16316
16188
16189
16317
16318
16190
16062
16063
16064
16065
16193
16192
16191
16319
16320
16321
16322
16194
16195
16323
16324
16196
16068
16069
16197
16325
16326
16198
16199
16327
16328
16200
16201
16329
16330
16202
16074
15946
15818
15690
15689
15688
15560
15561
15562
15434
15306
15307
15435
15436
15308
15180
15179
15178
15177
15176
15304
15305
15433
15432
15431
15303
15175
15174
15302
15430
15558
15559
15687
15686
15685
15557
15556
15684
15683
15682
15681
15553
15554
15555
15427
15428
15429
15301
15173
15172
15300
15299
15171
15170
15169
15168
15167
15295
15296
15297
15298
15426
15425
15424
15423
15422
15294
15166
15165
15293
15421
15420
15292
15164
15163
15162
15161
15289
15290
15291
15419
15418
15417
15545
15546
15547
15548
15549
15550
15551
15552
15680
15679
15678
15677
15676
15675
15674
15673
15672
15544
15543
15671
15670
15669
15668
15667
15666
15665
15537
15538
15539
15540
15541
15542
15414
15413
15412
15284
15283
15411
15410
15282
15154
15155
15156
15157
15285
15286
15158
15159
15287
15415
15416
15288
15160
15032
15031
15030
14902
14774
14775
14903
14904
14776
14777
14905
15033
15034
15035
14907
14906
14778
14779
14780
14781
14782
14783
14911
14910
14909
14908
15036
15037
15038
15039
15040
15041
15042
15043
14915
14914
14913
14912
14784
14785
14786
14787
14788
14789
14917
14916
15044
15045
15046
14918
14790
14791
14792
14920
14919
15047
15048
15049
14921
14793
14794
14922
15050
15051
14923
14795
14796
14797
14798
14926
14925
14924
15052
15053
15181
15182
15054
15055
15183
15184
15056
15057
15185
15312
15311
15310
15309
15437
15438
15565
15692
15564
15563
15691
15819
15947
16075
16203
16331
16332
16204
16205
16333
16334
16206
16078
16077
16076
15948
15820
15693
15566
15439
15440
15567
15694
15822
15821
15949
15950
15951
16079
16207
16335
16336
16208
16209
16210
16337
16338
16339
16211
16212
16340
16341
16213
16085
16084
16083
16082
16081
16080
15952
15953
15954
15955
15956
15957
15958
16086
16214
16342
16343
16344
16345
16346
16347
16219
16218
16217
16216
16215
16087
15959
15831
15830
15702
15574
15573
15572
15571
15570
15698
15699
15700
15701
15829
15828
15827
15826
15825
15824
15823
15695
15696
15697
15569
15568
15441
15442
15443
15444
15445
15446
15318
15447
15575
15703
15832
15960
16088
16089
15961
15962
16090
16091
15963
15964
16092
16093
16220
16348
16221
16349
16350
16222
16223
16351
16224
16352
16353
16354
16355
16356
16357
16229
16228
16227
16226
16225
16097
16098
16099
16100
16101
16102
15974
15973
15972
15971
15970
15969
15841
15968
16096
16095
16094
15967
15840
15713
15586
15459
15332
15204
15205
15206
15207
15208
15209
15210
15211
15212
15213
15214
15215
15216
15344
15472
15599
15471
15343
15342
15341
15340
15339
15338
15337
15336
15335
15334
15333
15460
15588
15589
15461
15462
15590
15591
15463
15464
15592
15720
15719
15718
15717
15716
15715
15587
15714
15842
15843
15844
15845
15846
15847
15848
15976
15975
16103
16230
16358
16359
16231
16232
16360
16104
16105
15977
15849
15721
15722
15594
15593
15465
15466
15467
15595
15468
15596
15724
15723
15851
15850
15978
15979
15852
15725
15597
15469
15470
15598
15726
15853
15980
16107
16106
16233
16234
16361
16362
16235
16108
15981
15854
15727
15600
15473
15601
15729
15728
15855
15982
16109
16236
16363
16364
16237
16365
16366
16238
16110
15983
16111
16239
16367
16368
16369
16370
16371
16372
16244
16243
16242
16241
16240
16112
15984
15856
15857
15985
16113
16114
16115
16116
16117
15990
15863
15736
15609
15737
15864
15992
15991
16119
16118
16246
16245
16373
16374
16247
16375
16120
15865
15993
16248
16376
16121
16249
16377
16378
16250
16122
15994
15866
15738
15610
15482
15481
15354
15355
15483
15611
15739
15867
15995
16123
16251
16379
16380
16252
16124
15996
15868
15740
15741
15869
15997
16125
16253
16381
16254
16382
16255
16383
8320
16256
16128
16000
15872
15744
15616
15488
15487
15615
15743
15871
15999
16127
16126
15998
15870
15742
15614
15486
15358
15230
15102
14974
14846
14718
14719
14847
14975
15103
15231
15359
15360
15232
15104
14976
14848
14720
14592
14591
14590
14462
14461
14460
14332
14204
14076
13948
13820
13692
13564
13563
13562
13689
13817
13818
13690
13691
13819
13947
14075
14203
14331
14459
14587
14715
14843
14844
14716
14588
14589
14717
14845
14973
15101
15229
15357
15485
15613
15612
15484
15356
15228
15100
14972
14971
15099
15227
15226
15098
14970
14842
14714
14586
14458
14330
14202
14074
13946
13945
14073
14201
14329
14457
14585
14713
14841
14969
15097
15225
15353
15608
15735
15862
15989
15988
15987
15986
15858
15730
15602
15474
15346
15345
15217
15218
15090
14962
14963
15091
15219
15347
15475
15603
15731
15859
15860
15732
15604
15605
15733
15861
15734
15606
15478
15479
15607
15480
15352
15224
15096
14968
14840
14712
14584
14456
14328
14200
14072
13944
13816
13688
13560
13432
13433
13561
13434
13435
13436
13437
13565
13693
13821
13949
14077
14205
14333
14334
14206
14078
14079
14207
14335
14463
14464
14336
14208
14080
13952
13824
13823
13951
13950
13822
13694
13695
13696
13568
13567
13566
13438
13439
13440
13312
13311
13310
13309
13308
13307
13306
13305
13304
13303
13302
13430
13431
13559
13558
13686
13687
13815
13943
14071
14199
14327
14455
14583
14582
14581
14453
14454
14326
14325
14197
14198
14070
14069
13941
13942
13814
13813
13685
13557
13429
13301
13300
13299
13428
13556
13684
13812
13940
14068
14196
14324
14452
14580
14708
14709
14837
14965
15093
15094
14966
14838
14710
14711
14839
14967
15095
15223
15351
15350
15222
15221
15349
15477
15476
15348
15220
15092
14964
14836
14835
14834
14961
15089
15088
15087
14960
14833
14706
14707
14579
14451
14323
14195
14067
13939
13811
13683
13555
13427
13298
13169
13040
12911
12782
12653
12781
12910
13039
13168
13297
13426
13554
13682
13810
13938
14066
14194
14322
14450
14578
14705
14832
14959
15086
15085
15084
15083
15082
15081
15080
15079
15078
15077
15076
15075
15074
14946
14818
14947
14948
14949
14950
14951
14952
14953
14954
14955
14956
14957
14958
14831
14830
14829
14828
14827
14826
14825
14824
14823
14822
14821
14820
14819
14691
14692
14693
14694
14695
14696
14697
14698
14699
14700
14701
14702
14703
14704
14577
14576
14575
14574
14573
14572
14571
14570
14569
14568
14567
14566
14565
14564
14563
14562
14690
14561
14433
14434
14435
14436
14437
14438
14439
14440
14441
14442
14443
14444
14445
14446
14447
14448
14449
14321
14320
14319
14318
14317
14189
14190
14191
14192
14193
14065
14064
14063
14062
14061
14060
14188
14316
14315
14314
14313
14312
14311
14310
14309
14308
14307
14306
14305
14177
14178
14179
14180
14181
14182
14183
14184
14185
14186
14187
14059
13931
13803
13804
13932
13933
13805
13677
13676
13675
13547
13548
13549
13550
13551
13552
13680
13808
13807
13679
13678
13806
13934
13935
13936
13937
13809
13681
13553
13425
13424
13423
13422
13421
13420
13419
13418
13546
13674
13802
13930
14058
14057
14056
14055
14054
14053
14052
14051
13923
13795
13667
13539
13540
13668
13796
13924
13925
13797
13669
13541
13542
13543
13544
13672
13800
13799
13671
13670
13798
13926
13927
13928
13929
13801
13673
13545
13417
13416
13415
13414
13413
13412
13411
13283
13284
13285
13286
13287
13288
13289
13290
13291
13292
13293
13294
13295
13296
13167
13166
13165
13164
13163
13162
13161
13160
13159
13158
13157
13156
13155
13028
13029
13030
13031
13032
13033
13034
13035
13036
13037
13038
12909
12908
12907
12906
12905
12904
12903
12902
12901
12900
13027
13154
13282
13410
13538
13666
13794
13922
14050
14049
13921
13793
13665
13537
13409
13281
13153
13026
12899
12898
12897
13025
13024
13152
13280
13408
13536
13664
13792
13920
14048
14176
14304
14432
14431
14430
14429
14301
14173
14045
13917
13916
13915
13914
13913
13912
13911
13910
13909
13908
13907
13906
13905
13904
14032
14033
14034
14035
14036
14037
14038
14039
14040
14041
14042
14043
14044
14172
14300
14428
14427
14426
14554
14682
14810
14809
14808
14936
14937
14938
14939
14811
14812
14940
14941
14813
14814
14815
14687
14688
14816
14943
14942
14686
14685
14684
14683
14555
14556
14557
14558
14559
14560
14689
14817
14944
14945
15073
15201
15200
15072
15071
15199
15198
15070
15069
15068
15067
15066
15065
15064
15320
15192
15193
15321
15322
15194
15195
15196
15197
15325
15453
15454
15326
15327
15328
15455
15456
15329
15202
15203
15331
15330
15458
15457
15585
15584
15712
15711
15838
15710
15709
15708
15707
15706
15705
15577
15449
15450
15578
15579
15451
15323
15324
15452
15580
15581
15582
15583
15839
15966
15965
15837
15836
15835
15834
15833
15704
15576
15448
15319
15191
15063
14935
14807
14678
14549
14548
14676
14677
14806
14934
14933
14805
14804
14932
14931
14803
14802
14930
15059
15187
15188
15060
15061
15062
15190
15189
15317
15316
15315
15314
15313
15186
15058
14929
14801
14673
14545
14417
14289
14290
14418
14546
14674
14675
14547
14419
14291
14292
14420
14421
14293
14294
14295
14296
14424
14423
14422
14550
14679
14551
14552
14680
14681
14553
14425
14297
14298
14299
14171
14170
14169
14168
14167
14166
14165
14164
14163
14162
14161
14160
14288
14416
14544
14672
14800
14928
14927
14799
14671
14543
14415
14287
14159
14158
14157
14156
14155
14154
14153
14152
14151
14150
14149
14148
14147
14146
14145
14144
14016
14015
14014
14013
14012
14011
14010
14009
14008
14007
13879
13880
13881
13882
13883
13884
13885
13886
13887
13888
13889
14017
14018
14019
13891
13890
13762
13763
13764
13765
13637
13638
13766
13894
13893
13892
14020
14021
14022
14023
13895
13896
14024
14025
14026
14027
14028
14029
14030
14031
13903
13902
13901
13900
13899
13898
13897
13769
13770
13771
13772
13773
13774
13775
13776
13777
13649
13648
13647
13646
13645
13644
13516
13517
13518
13390
13389
13388
13387
13386
13385
13257
13129
13130
13258
13259
13260
13261
13262
13263
13264
13392
13391
13519
13520
13521
13522
13523
13651
13650
13778
13779
13780
13781
13782
13783
13784
13785
13786
13787
13788
13789
13790
13918
14046
14174
14302
14303
14175
14047
13919
13791
13663
13662
13661
13660
13659
13658
13657
13656
13655
13654
13653
13652
13524
13525
13397
13398
13526
13527
13399
13400
13528
13529
13530
13531
13532
13533
13534
13535
13407
13279
13151
13150
13022
13023
12895
12896
12768
12769
12770
12771
12772
12773
12774
12775
12776
12777
12778
12779
12780
12652
12651
12650
12649
12648
12647
12520
12392
12391
12519
12518
12517
12516
12515
12387
12386
12514
12513
12385
12384
12257
12258
12259
12388
12389
12390
12646
12645
12644
12643
12642
12641
12640
12512
12511
12639
12767
12766
12894
12893
12765
12764
12763
12762
12761
12760
12888
12889
12890
12891
12892
13020
13021
13149
13148
13276
13277
13278
13406
13405
13404
13403
13275
13274
13402
13401
13273
13145
13146
13147
13019
13018
13017
13016
13015
13014
13013
13012
13140
13141
13142
13143
13144
13272
13271
13270
13269
13268
13396
13395
13394
13393
13265
13266
13267
13139
13138
13137
13136
13135
13134
13133
13132
13131
13003
13002
13001
12873
12872
12871
12870
12869
12868
12867
12866
12865
12864
12863
12862
12990
12991
12992
12993
12994
12995
12996
12997
12998
13126
13127
12999
13000
13128
13256
13255
13254
13382
13383
13384
13512
13513
13514
13515
13643
13642
13641
13640
13768
13767
13639
13511
13510
13509
13381
13380
13252
13253
13125
13124
13123
13122
13250
13251
13379
13378
13377
13505
13506
13507
13508
13636
13635
13634
13633
13761
13760
13759
13758
13757
13756
13755
13754
13753
13752
13624
13496
13368
13369
13370
13242
13243
13371
13372
13373
13501
13500
13499
13498
13497
13625
13626
13627
13628
13629
13630
13631
13632
13504
13503
13502
13374
13375
13376
13248
13249
13121
13120
13119
13247
13246
13118
13117
13245
13244
13116
12988
12989
12861
12860
12732
12731
12859
12858
12730
12729
12728
12600
12599
12727
12726
12725
12597
12598
12470
12471
12343
12344
12472
12473
12601
12602
12603
12474
12345
12216
12087
12215
12214
12342
12341
12469
12468
12340
12212
12213
12085
12086
11958
11957
11829
11828
11700
11699
11571
11570
11698
11697
11825
11953
11954
11826
11827
11955
11956
12084
12083
12211
12210
12082
12081
12209
12208
12207
12206
12334
12462
12463
12335
12336
12337
12338
12339
12467
12466
12465
12464
12592
12591
12590
12718
12846
12847
12719
12720
12848
12849
12850
12978
12979
12851
12723
12722
12721
12593
12594
12595
12596
12724
12852
12853
12854
12855
12856
12857
12985
12986
12987
13115
13114
13113
13241
13240
13239
13111
13112
12984
12983
12982
12981
12980
13108
13109
13110
13238
13237
13236
13235
13107
13106
13234
13233
13105
12977
12976
13104
13103
12975
12974
13102
13230
13231
13232
13360
13359
13358
13486
13487
13488
13489
13361
13362
13363
13364
13365
13366
13367
13495
13494
13493
13492
13491
13490
13618
13619
13620
13748
13749
13621
13622
13623
13751
13750
13878
14006
14005
13877
13876
14004
14003
14002
14001
14000
13999
13998
13997
13996
14124
14123
14122
14121
14120
14119
14118
14117
14116
14115
14114
14113
14112
14111
14110
14238
14237
14236
14235
14234
14233
14232
14231
14230
14229
14228
14227
14226
14225
14224
14223
14222
14221
14349
14350
14351
14352
14353
14354
14355
14356
14357
14358
14359
14360
14361
14362
14363
14364
14365
14366
14367
14239
14240
14368
14369
14241
14242
14370
14371
14243
14244
14245
14246
14247
14248
14376
14375
14374
14373
14372
14500
14501
14502
14503
14504
14632
14633
14505
14506
14634
14635
14636
14637
14638
14510
14509
14508
14507
14379
14378
14377
14249
14250
14251
14252
14380
14381
14253
14125
14126
14127
14128
14129
14130
14131
14132
14133
14134
14135
14136
14137
14138
14139
14140
14141
14142
14143
14271
14272
14273
14274
14275
14276
14277
14278
14279
14280
14281
14282
14283
14284
14285
14286
14414
14413
14412
14411
14410
14409
14408
14407
14406
14405
14404
14403
14402
14401
14400
14399
14398
14270
14269
14397
14396
14268
14267
14395
14394
14266
14265
14393
14392
14264
14263
14262
14261
14260
14259
14258
14257
14256
14255
14254
14382
14383
14384
14385
14386
14387
14388
14389
14390
14391
14519
14520
14521
14522
14523
14524
14525
14526
14527
14528
14529
14530
14531
14532
14533
14534
14535
14536
14537
14538
14539
14540
14541
14542
14670
14669
14668
14667
14666
14665
14664
14663
14662
14661
14660
14659
14658
14657
14656
14655
14654
14653
14652
14651
14650
14649
14648
14647
14646
14518
14517
14516
14515
14514
14513
14512
14511
14639
14640
14641
14642
14643
14644
14645
14773
14772
14900
14901
15029
15028
15027
15026
14898
14899
14771
14770
14769
14897
15025
15024
15023
14895
14896
14768
14767
14766
14765
14893
14894
15022
15021
15020
15019
15018
15017
15016
15015
15014
15013
15012
15011
15010
15009
14881
14882
14883
14755
14756
14884
14885
14757
14758
14886
14887
14888
14889
14890
14891
14892
14764
14763
14762
14761
14760
14759
14631
14630
14629
14628
14627
14499
14498
14497
14496
14495
14494
14493
14492
14491
14490
14489
14488
14487
14486
14485
14484
14483
14482
14481
14480
14479
14478
14477
14476
14348
14347
14346
14345
14344
14343
14342
14341
14340
14339
14211
14212
14213
14214
14215
14216
14217
14218
14219
14220
14092
14091
14090
14089
14088
14087
14086
14085
14084
14083
13955
13956
13957
13958
13959
13831
13832
13960
13961
13962
13963
13835
13834
13833
13705
13706
13578
13577
13576
13704
13703
13702
13830
13829
13828
13827
13699
13571
13572
13700
13701
13573
13574
13575
13447
13446
13445
13317
13318
13190
13189
13188
13316
13444
13443
13315
13187
13059
13060
13061
12933
12932
12931
12803
12675
12547
12419
12291
12292
12420
12421
12422
12423
12424
12296
12295
12294
12293
12165
12164
12163
12035
12036
12037
12038
12166
12167
12168
12169
12170
12171
12172
12173
12174
12175
12047
12046
12045
12044
12043
12042
12041
12040
12039
11911
11910
11909
11781
11653
11652
11780
11908
11907
11779
11651
11523
11395
11396
11524
11525
11397
11269
11268
11267
11139
11140
11141
11013
11012
11011
10883
10884
10885
10886
10887
10888
10760
10759
10758
10757
10756
10755
10627
10499
10371
10243
10115
10116
10117
10245
10244
10372
10373
10501
10500
10628
10629
10630
10502
10374
10246
10118
10119
10247
10248
10376
10375
10503
10631
10632
10504
10505
10506
10634
10633
10761
10762
10763
10635
10507
10379
10378
10377
10249
10250
10251
10123
10122
10121
10120
9992
9991
9863
9862
9990
9989
9988
9987
9859
9731
9732
9860
9861
9733
9605
9604
9603
9475
9476
9477
9478
9479
9480
9481
9482
9610
9611
9739
9867
9866
9738
9737
9609
9608
9607
9606
9734
9735
9736
9864
9865
9993
9994
9995
9996
9868
9869
9997
9998
9870
9871
9999
10000
9872
9873
10001
10002
10130
10131
10132
10133
10261
10260
10259
10258
10257
10129
10128
10256
10255
10127
10126
10254
10253
10125
10124
10252
10380
10381
10509
10508
10636
10764
10765
10637
10638
10510
10382
10383
10384
10385
10386
10387
10388
10389
10517
10645
10773
10772
10644
10516
10515
10643
10771
10899
10898
10770
10642
10514
10513
10641
10769
10897
11026
11027
11155
11154
11153
11025
11024
11152
11151
11279
11278
11150
11149
11277
11276
11148
11147
11275
11274
11273
11145
11146
11018
11019
11020
11021
11022
11023
10895
10896
10768
10640
10512
10511
10639
10767
10766
10894
10893
10892
10891
10890
10889
11017
11016
11144
11143
11015
11014
11142
11270
11271
11272
11400
11401
11402
11403
11404
11405
11406
11407
11535
11534
11533
11532
11531
11530
11529
11528
11527
11399
11398
11526
11654
11782
11783
11655
11656
11784
11912
11913
11914
11786
11785
11657
11658
11659
11787
11915
11916
11788
11660
11661
11789
11917
11918
11919
11920
12048
12176
12304
12432
12560
12688
12689
12690
12562
12305
12561
12433
12434
12306
12307
12435
12436
12437
12438
12310
12182
12054
12053
12181
12309
12308
12180
12052
11924
11923
11922
12050
12051
12179
12178
12177
12049
11921
11793
11792
11791
11790
11662
11663
11664
11536
11408
11280
11281
11409
11537
11665
11666
11667
11668
11669
11670
11798
11799
11800
11801
11802
11674
11673
11672
11671
11543
11544
11545
11546
11418
11419
11420
11421
11549
11677
11678
11550
11551
11679
11680
11808
11807
11806
11805
11933
12061
12189
12190
12191
12192
12320
12448
12576
12704
12832
12831
12703
12575
12447
12319
12318
12446
12574
12702
12830
12829
12957
12956
12955
12954
12953
12825
12826
12827
12828
12701
12573
12445
12317
12188
12187
12186
12185
12184
12183
12055
12056
12057
12058
12059
12060
11932
11804
11676
11548
11547
11675
11803
11931
11930
11929
11928
11927
11926
11925
11797
11796
11795
11794
11538
11539
11540
11541
11542
11414
11415
11416
11417
11289
11290
11291
11292
11293
11294
11422
11423
11295
11296
11168
11040
10912
10784
10656
10528
10527
10655
10783
10911
11039
11167
11166
11038
10910
10782
10654
10526
10398
10399
10400
10401
10273
10272
10271
10270
10269
10397
10396
10268
10267
10139
10140
10141
10142
10143
10015
9887
9888
9889
10017
10016
10144
10145
10146
10147
10148
10276
10275
10274
10402
10403
10404
10405
10533
10534
10662
10790
10918
11046
11045
11044
11172
11171
11170
11042
11043
10915
10914
10786
10658
10659
10787
10788
10916
10917
10789
10661
10660
10532
10531
10530
10529
10657
10785
10913
11041
11169
11297
11298
11299
11300
11301
11173
11174
11302
11303
11304
11305
11177
11178
11306
11307
11435
11436
11308
11309
11437
11565
11564
11563
11562
11434
11433
11432
11431
11430
11429
11428
11427
11554
11426
11425
11424
11552
11553
11681
11682
11810
11809
11937
11936
11935
11934
12062
12063
12064
12065
12193
12194
12066
11938
12067
12195
12196
12324
12325
12326
12327
12455
12583
12711
12839
12967
13095
13094
12966
12838
12710
12582
12454
12453
12452
12323
12322
12321
12449
12450
12451
12579
12707
12706
12578
12577
12705
12833
12834
12962
13091
13092
12964
12963
12835
12836
12708
12580
12581
12709
12837
12965
13093
13221
13220
13348
13476
13604
13605
13733
13732
13731
13603
13602
13730
13729
13601
13473
13474
13475
13347
13346
13345
13344
13472
13600
13728
13855
13727
13599
13598
13470
13471
13343
13215
13216
13217
13218
13219
13090
13089
12961
12960
13088
13087
12959
12958
13086
13085
13084
13083
13082
13081
13209
13210
13211
13212
13213
13214
13342
13341
13469
13597
13725
13726
13854
13853
13724
13596
13468
13340
13339
13338
13337
13336
13208
13080
12952
12824
12696
12568
12440
12441
12569
12697
12698
12570
12571
12699
12700
12572
12444
12316
12315
12443
12442
12314
12313
12312
12311
12439
12567
12695
12823
12951
12950
12822
12694
12566
12565
12693
12821
12949
13077
13078
13079
13207
13335
13463
13591
13719
13718
13590
13589
13717
13716
13588
13587
13459
13460
13461
13462
13334
13206
13205
13333
13332
13331
13203
13204
13076
12948
12820
12692
12564
12563
12691
12819
12818
12817
12816
12815
12687
12559
12431
12303
12302
12430
12429
12301
12300
12428
12427
12299
12298
12297
12425
12426
12554
12553
12552
12680
12679
12551
12550
12678
12677
12549
12548
12676
12804
12805
12806
12807
12808
12809
12681
12682
12810
12811
12683
12555
12556
12557
12558
12686
12814
12813
12685
12684
12812
12940
12941
12942
12943
12944
12945
12946
12947
13075
13074
13202
13201
13073
13072
13071
13070
13069
13068
13196
13197
13198
13199
13200
13328
13327
13326
13454
13455
13456
13457
13329
13330
13458
13586
13714
13715
13843
13844
13845
13846
13847
13848
13849
13850
13722
13721
13720
13592
13464
13465
13593
13594
13466
13467
13595
13723
13851
13852
13980
13979
13978
13977
13976
13975
13974
13973
13972
13971
13970
13842
13841
13969
13968
13967
13966
13838
13839
13840
13712
13713
13585
13584
13583
13711
13710
13582
13581
13580
13452
13453
13325
13324
13323
13195
13067
12939
12938
12937
12936
12935
12934
13062
13063
13064
13065
13066
13194
13193
13192
13191
13319
13320
13448
13449
13321
13322
13450
13451
13579
13707
13708
13709
13837
13836
13964
13965
14093
14094
14095
14096
14097
14098
14099
14100
14101
14102
14103
14104
14105
14106
14107
14108
14109
13981
13982
13983
13984
13856
13857
13985
13986
13858
13859
13987
13988
13860
13861
13989
13990
13991
13992
13993
13994
13995
13867
13868
13869
13870
13871
13743
13744
13872
13873
13874
13875
13747
13746
13745
13617
13616
13615
13614
13742
13741
13740
13739
13611
13612
13613
13485
13484
13483
13355
13354
13226
13227
13228
13356
13357
13229
13101
13100
13099
13098
12969
13097
13225
13353
13352
13351
13479
13480
13481
13482
13610
13609
13608
13607
13735
13736
13737
13738
13866
13865
13864
13863
13862
13734
13606
13478
13477
13349
13350
13222
13223
13224
13096
12968
12840
12712
12713
12841
12842
12970
12971
12972
12973
12845
12717
12589
12461
12460
12459
12587
12588
12716
12844
12843
12715
12714
12586
12585
12584
12456
12457
12458
12330
12331
12332
12333
12205
12204
12076
12077
11949
11821
11820
11948
11947
11819
11818
11946
11945
11817
11816
11815
11814
11686
11685
11684
11812
11813
11941
11942
12070
12071
11943
11944
12072
12073
12074
12075
12203
12202
12201
12329
12328
12200
12199
12198
12197
12069
12068
11940
11939
11811
11683
11555
11556
11557
11558
11559
11687
11688
11560
11561
11689
11690
11691
11692
11693
11694
11822
11823
11951
11950
12078
12079
12080
11952
11824
11696
11695
11567
11566
11438
11310
11311
11439
11440
11568
11569
11441
11442
11313
11312
11184
11183
11055
11182
11054
10926
10925
10797
10796
10795
10794
10922
10923
10924
11052
11053
11181
11180
11179
11051
11050
11049
10921
10793
10665
10537
10536
10664
10792
10920
11048
11176
11175
11047
10919
10791
10663
10535
10407
10406
10278
10277
10149
10020
10021
10022
10150
10151
10279
10280
10408
10409
10538
10666
10667
10668
10539
10410
10281
10152
10023
9894
9765
9636
9635
9763
9764
9893
9892
9891
10019
10018
9890
9762
9761
9760
9759
9758
9757
9756
9755
9754
9753
9752
9751
9750
9749
9620
9491
9362
9105
9233
8977
8976
9104
9232
9360
9361
9489
9617
9618
9490
9619
9747
9748
9876
9877
9878
9879
9880
9881
9882
9883
9884
9885
9886
10014
10013
10012
10011
10010
10009
10008
10007
10135
10136
10137
10138
10266
10265
10393
10521
10649
10777
10905
10906
10778
10779
10907
10908
10780
10652
10651
10650
10522
10394
10395
10523
10524
10525
10653
10781
10909
11037
11165
11164
11036
11035
11034
11163
11162
11161
11033
11032
11160
11288
11287
11286
11285
11413
11412
11411
11410
11282
11283
11284
11156
11157
11029
11028
10900
10901
10902
11030
11158
11159
11031
10903
10904
10776
10648
10520
10392
10264
10263
10391
10519
10647
10775
10774
10646
10518
10390
10262
10134
10006
10005
10004
10003
9875
9874
9746
9745
9744
9743
9615
9616
9488
9487
9486
9614
9742
9741
9740
9612
9613
9485
9484
9483
9355
9356
9357
9358
9359
9231
9230
9229
9228
9227
9226
9354
9353
9225
9224
9352
9351
9223
9222
9350
9349
9348
9347
9219
9220
9221
9093
9092
9091
8963
8964
8965
8837
8836
8835
8707
8579
8580
8708
8709
8581
8582
8583
8584
8585
8586
8587
8588
8460
8461
8333
8332
8331
8459
8458
8457
8329
8330
8202
8203
8204
8205
8206
8207
8208
8209
8210
8211
8212
8213
8214
8215
8087
8086
8085
8084
8083
8082
8081
8080
8079
8078
8077
8076
8075
8074
8073
8201
8200
8328
8456
8455
8454
8453
8452
8451
8323
8324
8325
8326
8327
8199
8198
8070
8071
8072
7944
7945
7946
7947
7948
7949
7950
7951
7952
7953
7954
7955
7956
7957
7958
7959
7960
7961
7962
7963
7964
7965
7966
8094
8093
8092
8091
8090
8089
8088
8216
8217
8218
8219
8220
8221
8222
8223
8095
7967
7839
7838
7837
7836
7835
7834
7833
7832
7831
7830
7829
7828
7827
7826
7825
7824
7823
7822
7821
7693
7694
7695
7696
7697
7698
7699
7700
7572
7573
7701
7702
7703
7704
7705
7706
7707
7708
7709
7710
7711
7583
7582
7581
7580
7579
7578
7577
7576
7575
7574
7446
7445
7444
7443
7571
7570
7569
7568
7440
7439
7567
7566
7438
7437
7565
7564
7563
7562
7691
7692
7820
7819
7690
7434
7305
7176
7175
7304
7433
7561
7432
7303
7174
6917
6789
6661
6533
6405
6277
6149
6021
5893
5765
5637
5638
5766
5894
6022
6150
6278
6406
6534
6662
6790
6918
7046
7047
6919
6791
6792
6793
6921
6920
7048
7177
7049
7050
7178
7306
7307
7179
7435
7436
7308
7309
7310
7311
7183
7055
7056
6928
7057
7186
7185
7184
7312
7313
7441
7442
7314
7315
7316
7317
7318
7319
7447
7448
7449
7450
7451
7323
7324
7452
7453
7454
7455
7327
7199
7198
7326
7325
7197
7196
7195
7194
7322
7321
7320
7192
7193
7065
7066
7067
7068
7069
7070
6942
6814
6815
6687
6688
6559
6430
6301
6429
6557
6558
6686
6685
6813
6941
6940
6812
6684
6556
6428
6300
6172
6171
6299
6427
6555
6683
6811
6939
6938
6937
6808
6679
6550
6678
6677
6549
6421
6293
6164
6292
6420
6548
6805
6934
6806
6807
6935
6936
7064
7063
7191
7190
7062
6933
7061
7189
7188
7187
7059
7060
6932
6804
6676
6675
6547
6419
6291
6163
6035
6036
6037
6165
6166
6294
6422
6423
6551
6552
6680
6681
6809
6810
6682
6554
6426
6298
6170
6042
5915
5916
5917
6046
6175
6304
6433
6562
6563
6436
6437
6309
6310
6182
6183
6055
6056
5928
5929
5930
5802
5803
5675
5676
5804
5931
6059
6058
6186
6185
6313
6312
6440
6439
6567
6566
6694
6695
6823
6822
6950
6951
7079
7080
6952
6824
6825
6953
7081
7209
7208
7207
7335
7336
7464
7463
7462
7334
7206
7078
7077
6949
6821
6693
6820
6948
7076
7204
7205
7333
7332
7331
7203
7075
6947
6946
7074
7202
7330
7458
7586
7714
7842
7970
8098
8226
8354
8482
8610
8609
8608
8607
8606
8605
8604
8603
8602
8601
8600
8599
8727
8726
8854
8853
8852
8980
8979
9107
9108
9109
9110
9111
9112
9240
9239
9367
9366
9238
9237
9236
9365
9494
9495
9496
9368
9369
9497
9498
9499
9500
9501
9502
9503
9504
9505
9506
9378
9250
9249
9377
9376
9248
9247
9375
9374
9246
9245
9373
9372
9244
9243
9371
9370
9242
9241
9113
9114
9115
9116
9117
9118
9119
9120
9121
9122
9123
9251
9379
9380
9252
9124
8996
8997
9125
9126
9254
9255
9256
9257
9385
9384
9383
9382
9253
9381
9509
9637
9508
9507
9634
9633
9632
9631
9630
9629
9628
9627
9626
9625
9624
9623
9622
9621
9493
9492
9364
9363
9235
9234
9106
8978
8851
8724
8597
8596
8595
8723
8722
8850
8849
8721
8720
8848
8847
8846
8974
8975
9103
9102
9101
8973
8845
8844
8843
8971
8972
9100
9099
9098
8970
8842
8841
8969
9097
9096
9095
9094
8966
8967
8968
8840
8839
8838
8710
8711
8712
8713
8714
8715
8716
8717
8589
8590
8718
8719
8591
8592
8593
8594
8466
8465
8464
8463
8462
8334
8335
8336
8337
8338
8339
8467
8468
8340
8341
8469
8470
8342
8343
8344
8345
8346
8347
8348
8349
8350
8351
8352
8224
8096
7968
7840
7712
7584
7456
7328
7200
7072
7071
6943
6944
6816
6817
6945
7073
7201
7329
7457
7585
7713
7841
7969
8097
8225
8353
8481
8480
8479
8478
8477
8476
8475
8474
8473
8472
8471
8598
8725
8981
8982
8983
8855
8856
8857
8858
8859
8860
8861
8862
8863
8864
8736
8735
8734
8733
8732
8731
8730
8729
8728
8984
8985
8986
8987
8988
8989
8990
8991
8992
8993
8865
8737
8738
8866
8994
8995
8867
8739
8611
8483
8484
8612
8740
8868
8869
8741
8742
8743
8871
8870
8998
8999
9127
9128
9129
9001
9000
8872
8744
8745
8873
8874
8746
8747
8619
8618
8617
8616
8615
8614
8613
8485
8486
8487
8488
8489
8490
8491
8363
8364
8365
8237
8238
8239
8367
8366
8494
8493
8492
8620
8621
8622
8623
8495
8496
8624
8625
8497
8498
8499
8500
8501
8502
8374
8373
8372
8371
8370
8369
8368
8240
8241
8242
8243
8244
8245
8246
8247
8248
8120
8121
8122
8123
8124
8125
8126
8127
7999
7871
7743
7615
7487
7486
7485
7484
7483
7482
7481
7480
7479
7607
7608
7609
7610
7611
7612
7613
7614
7742
7741
7740
7739
7738
7737
7736
7735
7734
7733
7861
7860
7859
7858
7857
7856
7728
7729
7730
7602
7603
7731
7732
7604
7605
7606
7478
7350
7351
7223
7222
7221
7220
7219
7347
7348
7349
7477
7476
7475
7474
7473
7601
7600
7472
7471
7599
7727
7726
7725
7853
7852
7724
7723
7722
7721
7720
7719
7847
7846
7845
7844
7972
7973
7974
7975
7976
7848
7849
7977
7978
7850
7851
7979
7980
7981
7982
7854
7855
7983
7984
7985
7986
7987
7988
7989
7990
7862
7863
7864
7865
7866
7867
7868
7869
7870
7998
7997
7996
7995
7994
7993
7992
7991
8119
8118
8117
8116
8115
8114
8113
8112
8111
8110
8109
8108
8236
8235
8107
8106
8234
8362
8361
8360
8232
8233
8105
8104
8103
8102
8101
8100
8228
8229
8230
8231
8359
8358
8357
8356
8355
8227
8099
7971
7843
7715
7587
7459
7460
7461
7589
7588
7716
7717
7718
7590
7591
7592
7593
7594
7595
7596
7597
7598
7470
7469
7468
7467
7466
7465
7337
7338
7339
7340
7341
7342
7343
7344
7345
7346
7218
7217
7216
7088
7089
7090
7091
6963
6962
6961
6960
6959
6958
6957
6829
6828
6956
6955
7083
7084
7085
7086
7087
7215
7214
7213
7212
7211
7210
7082
6954
6826
6827
6699
6700
6572
6444
6443
6571
6570
6698
6697
6696
6568
6569
6441
6442
6314
6315
6187
6188
6316
6317
6445
6573
6701
6702
6830
6831
6703
6575
6574
6446
6318
6319
6447
6448
6576
6704
6832
6833
6834
6835
6707
6706
6705
6577
6449
6321
6320
6192
6193
6065
6064
5936
5935
5934
6062
6063
6191
6190
6189
6061
6060
5932
5933
5805
5806
5807
5808
5680
5679
5678
5677
5549
5550
5551
5552
5553
5554
5555
5683
5811
5810
5682
5681
5809
5937
5938
6066
6067
5939
5940
5812
5813
5941
5942
5814
5686
5685
5684
5556
5557
5558
5559
5560
5561
5562
5563
5691
5692
5564
5565
5566
5567
5568
5440
5439
5438
5437
5436
5435
5434
5433
5432
5431
5430
5429
5428
5427
5426
5425
5424
5423
5422
5421
5548
5547
5674
5801
6057
6184
6311
6438
6565
6564
6692
6691
6819
6818
6690
6689
6561
6560
6432
6431
6303
6302
6174
6173
6045
6044
6043
5914
6041
6169
6297
6553
6425
6424
6295
6038
5909
5908
5907
6034
6162
6290
6418
6546
6673
6416
6159
6288
6161
6289
6417
6545
6674
6802
6803
6931
6930
7058
6929
6801
6800
6672
6671
6544
6543
6415
6287
6286
6158
6157
6156
6285
6284
6412
6540
6668
6796
6795
6923
6924
7052
7053
6925
6797
6669
6541
6413
6414
6542
6670
6798
6799
6927
6926
7054
7182
7181
7180
7051
6922
6794
6666
6667
6538
6539
6411
6283
6410
6153
6025
5897
5769
5641
5384
5256
5257
5129
5130
5258
5386
5385
5513
5514
5642
5770
5898
5899
6027
6026
6154
6282
6155
6028
6029
6030
6031
6160
6032
5904
5905
6033
5906
5778
5777
5776
5775
5903
5902
5901
5900
5772
5771
5643
5644
5645
5773
5774
5646
5518
5390
5262
5134
5133
5261
5260
5388
5389
5517
5516
5515
5387
5259
5131
5132
5004
5005
4877
4749
4748
4876
4875
5003
5002
5001
5000
5128
5127
5255
5254
5253
5252
5124
5123
4995
4996
4997
5125
5126
4998
4999
4871
4872
4873
4874
4746
4747
4619
4620
4621
4622
4750
4751
4752
4753
4754
4882
4881
4880
4879
4878
5006
5007
5008
5136
5135
5263
5391
5519
5647
5648
5520
5392
5264
5265
5137
5009
5010
5138
5266
5267
5395
5523
5522
5394
5393
5521
5649
5650
5651
5779
5780
5781
5782
5910
5911
6039
6167
6296
6168
6040
5912
5784
5783
5655
5527
5399
5398
5270
5142
5141
5269
5397
5525
5526
5654
5653
5652
5524
5396
5268
5140
5139
5011
4883
4884
5012
5013
4885
4757
4758
4630
4502
4503
4631
4759
4887
4886
5014
5015
5016
5017
4889
4888
4760
4761
4633
4632
4504
4505
4377
4376
4375
4247
4248
4120
4119
3991
3992
3993
3994
3866
3865
3864
3863
3735
3736
3737
3609
3610
3738
3739
3867
3995
4123
4122
4121
4249
4250
4378
4379
4251
4252
4380
4508
4636
4764
4892
5020
5019
4891
4763
4635
4507
4506
4634
4762
4890
5018
5146
5273
5145
5144
5143
5271
5272
5400
5528
5656
5657
5785
5913
5786
5787
5788
5789
5918
6047
5919
5920
5921
5922
6050
6049
6048
6176
6177
6305
6434
6306
6178
6179
6051
5923
5924
5796
5797
5798
5926
5925
6053
6052
6180
6307
6435
6308
6181
6054
5927
5800
5799
5671
5670
5542
5541
5669
5668
5667
5795
5794
5666
5538
5410
5411
5539
5540
5412
5413
5414
5286
5158
5159
5287
5288
5160
5161
5162
5163
5291
5290
5289
5417
5416
5415
5543
5544
5672
5673
5545
5546
5418
5419
5420
5292
5293
5294
5166
5165
5164
5036
5035
4907
4908
4909
5037
5038
4910
4782
4781
4780
4779
4651
4650
4522
4521
4649
4648
4520
4519
4647
4775
4776
4777
4778
4906
5034
5033
4905
4904
5032
5031
4903
4902
5030
5029
4901
4900
5028
5156
5157
5285
5284
5283
5282
5281
5280
5408
5409
5537
5665
5793
5792
5791
5790
5661
5533
5405
5406
5534
5662
5663
5664
5536
5535
5407
5279
5278
5277
5276
5404
5403
5531
5532
5660
5659
5658
5530
5529
5401
5402
5274
5275
5147
5148
5149
5021
4893
4894
5022
5150
5151
5152
5153
5154
5155
5027
5026
5025
5024
5023
4895
4896
4897
4898
4899
4771
4772
4773
4774
4646
4518
4390
4391
4392
4393
4265
4266
4394
4395
4523
4524
4652
4653
4525
4526
4654
4655
4527
4528
4656
4657
4785
4913
4912
4784
4783
4911
5039
5040
5168
5167
5295
5296
5297
5298
5299
5300
5301
5302
5303
5304
5305
5306
5307
5308
5309
5310
5311
5312
5313
5186
5059
5058
4930
4929
5057
5185
5184
5183
5182
5054
5053
5181
5180
5052
4924
4925
4797
4796
4668
4669
4541
4413
4284
4155
4283
4411
4412
4540
4539
4667
4795
4923
5051
5179
5178
5050
4922
4794
4666
4538
4410
4282
4154
3897
4024
4152
4280
4408
4536
4535
4407
4279
4151
4023
3895
3894
3893
3892
3764
3636
3637
3765
3766
3767
3639
3638
3510
3509
3508
3380
3381
3253
3252
3251
3123
3122
3121
2993
2994
2995
2867
2866
2865
2864
2992
2991
2863
2862
2734
2606
2605
2733
2732
2604
2603
2731
2859
2858
2986
2985
2857
2856
2728
2729
2730
2602
2601
2600
2599
2727
2726
2598
2597
2725
2724
2723
2722
2721
2593
2594
2466
2338
2337
2465
2464
2592
2591
2463
2335
2336
2208
2209
2210
2211
2339
2467
2595
2596
2468
2469
2470
2471
2472
2473
2474
2475
2476
2477
2478
2479
2480
2481
2482
2483
2484
2485
2357
2356
2355
2354
2353
2352
2351
2350
2349
2348
2347
2346
2345
2344
2343
2342
2341
2340
2212
2213
2085
2084
1956
1957
1958
1830
1829
1828
1827
1826
1825
1824
1823
1951
1952
1953
1954
1955
2083
2082
2081
2080
2079
2207
2206
2078
1950
1949
2077
2076
1948
1947
2075
2203
2202
2074
1946
1945
1817
1818
1690
1691
1819
1820
1692
1693
1821
1822
1694
1695
1696
1697
1698
1699
1700
1701
1702
1703
1704
1705
1706
1834
1835
1707
1708
1836
1964
1965
1966
2094
2093
2092
2091
1963
1962
1961
1833
1832
1831
1959
1960
2088
2087
2086
2214
2215
2216
2217
2089
2090
2218
2219
2220
2221
2222
2223
2224
2096
2095
1967
1968
1969
2097
2225
2226
2227
2228
2229
2230
2231
2232
2104
2103
2102
2101
1973
1972
2100
2099
2098
1970
1971
1843
1842
1841
1840
1839
1838
1837
1709
1710
1711
1712
1713
1714
1715
1716
1844
1845
1717
1718
1846
1974
1975
1976
1977
1849
1848
1847
1719
1720
1721
1722
1723
1724
1725
1853
1981
1980
1852
1851
1850
1978
1979
2107
2106
2105
2233
2234
2235
2236
2108
2109
2237
2238
2239
2111
2110
1982
1854
1726
1727
1855
1983
1984
1856
1728
1600
1472
1473
1345
1346
1601
1729
1857
1985
1986
2114
2113
2112
2240
2241
2369
2368
2367
2366
2365
2364
2363
2362
2361
2360
2359
2358
2486
2487
2488
2489
2490
2491
2492
2493
2494
2495
2496
2624
2752
2880
2879
2751
2623
2622
2621
2620
2748
2749
2750
2878
2877
2876
3004
3003
3131
3130
3002
3001
2873
2874
2875
2747
2619
2618
2746
2745
2617
2616
2744
2872
2871
2743
2615
2614
2742
2741
2613
2612
2611
2610
2609
2608
2607
2735
2736
2737
2738
2739
2740
2868
2869
2870
2998
2997
2996
3124
3125
3126
3254
3382
3383
3511
3512
3640
3768
3896
3769
3770
3771
3900
4029
3774
3517
3389
3261
3134
3135
3136
3392
3391
3519
3776
3648
3520
3521
3649
3777
3905
4033
4161
4289
4417
4545
4673
4674
4675
4676
4804
4805
4677
4678
4550
4551
4423
4424
4296
4297
4169
4041
3913
3785
3657
3658
3786
3914
4042
4170
4298
4426
4299
4171
4172
4044
3916
3917
3789
3661
3533
3405
3277
3149
3021
2893
2765
2637
2509
2252
2379
2507
2506
2378
2250
2121
1992
1991
1863
1862
1734
1733
1732
1604
1605
1861
1990
2119
2120
2248
2249
2377
2505
2633
2761
2760
2632
2504
2376
2375
2247
2246
2118
2117
1989
1988
1860
1859
1731
1603
1475
1476
1477
1478
1606
1607
1736
1735
1864
1865
1993
1994
2122
2123
2251
2380
2508
2636
2764
2892
3020
3148
3276
3404
3532
3660
3788
4043
3915
3787
3659
3531
3403
3275
3147
3019
2891
2763
2635
2634
2762
2890
3018
3146
3274
3402
3530
3529
3401
3273
3145
3144
3016
3017
2889
2888
2887
3015
2886
2758
2759
2503
2631
2630
2374
2245
2116
1987
1858
1730
1602
1474
1347
1348
1349
1350
1479
1608
1737
1866
1995
2124
2381
2638
2766
2894
3022
3150
3278
3406
3534
3662
3790
4045
4300
4427
4554
4681
4808
4935
5062
5189
5316
5443
5571
5700
5829
5830
5958
5957
6085
5956
5828
5827
5699
5698
5570
5569
5441
5442
5314
5315
5187
5188
5060
5061
4934
4807
4680
4553
4425
4552
4679
4806
4933
4932
4931
4803
4802
4801
4800
4928
5056
5055
4927
4926
4798
4799
4670
4542
4414
4415
4543
4671
4672
4544
4416
4288
4160
4032
3904
3903
3775
3647
3646
3518
3390
3262
3263
3264
3265
3393
3394
3522
3650
3651
3779
3778
3906
4034
4162
4290
4418
4546
4547
4419
4420
4548
4549
4421
4422
4294
4295
4167
4168
4040
3912
3784
3656
3528
3400
3272
3143
3142
3014
3013
2885
2884
2756
2757
2629
2628
2627
2755
2883
3011
3012
3140
3141
3268
3269
3397
3525
3526
3398
3270
3271
3399
3527
3655
3783
3911
4039
4166
4293
4292
4291
4163
4035
3907
3908
3909
4037
4036
4164
4165
4038
3910
3782
3654
3653
3781
3780
3523
3396
3652
3524
3395
3267
3266
3137
3010
3139
2882
2754
2626
2499
2500
2501
2502
2373
2372
2244
2115
2371
2243
2242
2370
2498
2497
2625
2753
2881
3138
3009
3008
3007
3006
3005
3133
3132
3260
3388
3516
3515
3387
3259
3258
3257
3129
3128
3000
2999
3127
3255
3256
3384
3385
3386
3514
3513
3641
3642
3643
3644
3772
3773
3901
3645
3902
4030
4158
4159
4031
4287
4286
4285
4157
4156
4028
4027
3899
3898
4026
4025
4153
4281
4409
4537
4665
4793
4921
5049
5177
5176
5175
5174
5173
5172
5171
5170
5169
5041
5042
5043
5044
5045
5046
4918
4917
4916
4915
4914
4786
4787
4788
4660
4661
4789
4790
4791
4919
5047
5048
4920
4792
4664
4663
4662
4534
4533
4532
4531
4659
4658
4530
4529
4401
4400
4272
4271
4399
4398
4270
4269
4397
4396
4268
4267
4139
4138
4010
4011
3883
3884
4012
4140
4141
4013
3885
3886
4014
4142
4143
4144
4145
4273
4274
4402
4403
4275
4276
4404
4405
4406
4278
4277
4149
4150
4022
4021
4020
4148
4147
4146
4018
4019
3891
3890
3889
4017
4016
4015
3887
3888
3760
3759
3758
3757
3756
3755
3754
3882
3881
3753
3752
3751
3750
3878
3879
3880
4008
4009
4137
4136
4264
4263
4262
4133
4134
4135
4007
4006
4005
4004
4132
4260
4261
4389
4517
4645
4644
4516
4388
4387
4515
4643
4642
4770
4769
4641
4640
4768
4767
4766
4765
4637
4509
4381
4253
4254
4255
4383
4382
4510
4638
4639
4511
4512
4384
4256
4257
4385
4513
4514
4386
4258
4259
4131
4003
3875
3874
3873
3872
3871
3870
3869
3997
3998
3999
4000
4001
4002
4130
4129
4128
4127
4126
4125
4124
3996
3868
3740
3741
3742
3743
3744
3745
3746
3618
3617
3616
3615
3614
3613
3485
3357
3356
3484
3612
3611
3483
3482
3481
3480
3608
3607
3606
3734
3733
3732
3731
3730
3729
3728
3856
3857
3858
3859
3860
3861
3862
3990
4118
4246
4245
4373
4374
4501
4629
4628
4756
4755
4627
4500
4372
4244
4243
4242
4241
4240
4368
4496
4497
4369
4370
4371
4499
4498
4626
4625
4624
4623
4495
4367
4239
4111
4112
4113
4114
4115
4116
4117
3989
3988
3987
3986
3985
3984
3983
3855
3727
3599
3600
3601
3602
3603
3475
3474
3473
3472
3344
3345
3346
3347
3348
3476
3604
3605
3477
3349
3221
3222
3350
3478
3479
3351
3223
3095
3094
2966
2838
2837
2836
2964
2965
3093
3092
3220
3219
3091
3090
3218
3217
3089
3088
3216
3215
3343
3471
3470
3342
3214
3213
3085
3084
3212
3340
3341
3469
3597
3598
3726
3725
3724
3723
3722
3851
3852
3853
3854
3982
4110
4238
4366
4494
4493
4492
4364
4365
4237
4109
3981
3980
3979
3978
3850
3849
3721
3720
3848
3977
4106
4107
4108
4236
4235
4234
4233
4105
4104
3976
3975
3847
3846
3974
4102
4103
4231
4232
4360
4359
4487
4615
4616
4488
4489
4361
4362
4363
4491
4490
4618
4617
4745
4744
4743
4742
4870
4869
4741
4740
4868
4867
4739
4611
4483
4484
4612
4613
4614
4486
4485
4357
4358
4230
4229
4228
4356
4355
4227
4099
3971
3972
4100
4101
3973
3845
3844
3843
3715
3716
3717
3718
3719
3591
3590
3589
3588
3587
3459
3331
3332
3460
3461
3333
3334
3462
3463
3335
3336
3208
3207
3206
3205
3204
3203
3075
3076
3077
3078
3079
2951
2952
3080
3081
3082
3210
3209
3337
3465
3464
3592
3593
3594
3595
3596
3468
3467
3466
3338
3339
3211
3083
2955
2956
2957
2958
3086
3087
2959
2960
2961
2962
2963
2835
2834
2833
2832
2831
2703
2704
2705
2706
2707
2708
2709
2710
2582
2581
2580
2452
2453
2454
2326
2198
2199
2327
2455
2583
2711
2712
2584
2585
2713
2714
2715
2843
2842
2841
2840
2839
2967
2968
2969
2970
2971
3099
3098
3226
3225
3097
3096
3224
3352
3353
3354
3355
3227
3228
3100
2972
2844
2716
2588
2460
2461
2589
2717
2845
2973
3101
3229
3230
3358
3486
3487
3488
3489
3490
3491
3363
3362
3361
3360
3359
3231
3232
3233
3234
3235
3236
3364
3365
3493
3492
3620
3619
3747
3748
3876
3877
3749
3621
3622
3494
3366
3367
3495
3623
3624
3625
3497
3496
3368
3369
3370
3498
3626
3627
3628
3629
3630
3631
3632
3633
3761
3762
3763
3635
3634
3506
3507
3379
3378
3250
3249
3248
3120
3119
3247
3375
3376
3377
3505
3504
3503
3502
3501
3500
3499
3371
3372
3373
3374
3246
3245
3117
3118
2990
2989
2861
2860
2988
2987
3115
3116
3244
3243
3242
3114
3113
3241
3240
3239
3111
3112
2984
2983
2855
2854
2853
2981
2982
3110
3238
3237
3109
3108
3107
3106
3105
3104
2976
2977
2978
2979
2980
2852
2851
2850
2849
2848
2720
2719
2847
2975
3103
3102
2974
2846
2718
2590
2462
2334
2333
2205
2204
2332
2331
2459
2587
2586
2458
2330
2329
2457
2456
2328
2200
2201
2073
2072
1944
1943
2071
2070
2069
2197
2325
2324
2196
2068
2067
2195
2323
2451
2579
2578
2577
2576
2575
2574
2702
2830
2829
2828
2827
2826
2954
2953
2825
2824
2823
2822
2950
2949
2948
2947
2819
2820
2821
2693
2692
2691
2563
2564
2565
2566
2694
2695
2696
2697
2698
2699
2700
2701
2573
2572
2571
2570
2569
2568
2567
2439
2440
2441
2442
2443
2444
2445
2317
2316
2315
2314
2313
2312
2311
2310
2438
2437
2436
2435
2307
2308
2309
2181
2182
2183
2184
2185
2186
2058
2057
1929
1928
2056
2055
1927
1799
1798
1926
2054
2053
1925
1924
2052
2180
2179
2051
1923
1795
1667
1668
1796
1797
1669
1670
1671
1672
1800
1801
1673
1674
1675
1676
1677
1678
1679
1807
1806
1805
1933
2061
2060
1932
1804
1803
1802
1930
1931
2059
2187
2188
2189
2190
2191
2319
2318
2446
2447
2448
2449
2450
2322
2194
2066
2065
2193
2321
2320
2192
2064
2063
2062
1934
1935
1936
1808
1680
1681
1809
1937
1938
1810
1682
1683
1684
1685
1813
1812
1811
1939
1940
1941
1942
1814
1686
1687
1815
1816
1688
1689
1561
1560
1559
1558
1430
1429
1557
1556
1555
1554
1553
1552
1551
1550
1422
1423
1424
1425
1297
1298
1426
1427
1428
1300
1299
1171
1170
1169
1168
1296
1295
1167
1166
1294
1293
1292
1164
1165
1037
1038
1039
1040
1041
1042
1043
915
916
917
918
919
791
792
793
794
795
667
666
665
664
663
662
790
789
661
660
788
787
659
658
657
656
655
654
782
783
784
785
786
914
913
912
911
910
909
908
1036
1035
1163
1291
1419
1420
1421
1549
1548
1547
1546
1418
1417
1545
1544
1416
1288
1287
1286
1158
1159
1160
1161
1289
1290
1162
1034
1033
1032
1031
1030
1029
1028
1156
1157
1285
1413
1414
1415
1543
1542
1541
1540
1539
1411
1412
1284
1283
1155
1027
899
900
901
902
903
904
905
906
907
779
780
781
653
652
651
650
778
777
776
775
774
773
772
771
643
644
645
646
647
648
649
521
522
523
524
525
526
527
528
400
399
398
397
396
395
394
393
392
520
519
391
390
518
517
389
388
516
515
387
259
260
261
262
263
264
265
266
267
268
269
270
271
272
273
274
275
403
402
401
529
530
531
532
533
534
535
536
408
407
406
405
404
276
277
278
279
280
281
282
410
409
537
538
539
411
283
284
285
286
287
288
289
290
418
417
416
415
414
413
412
540
541
542
543
544
545
546
547
548
549
550
551
552
424
423
422
421
420
419
291
292
293
294
295
296
297
298
299
300
301
302
430
558
559
560
432
431
303
304
305
306
307
308
309
437
436
435
434
433
561
562
563
564
565
566
438
310
311
312
313
314
315
316
317
318
319
320
321
449
577
576
448
447
575
574
446
445
444
443
442
441
440
439
567
568
569
570
571
572
573
701
700
699
698
697
825
826
827
828
829
830
702
703
704
705
833
832
831
959
958
957
956
955
954
953
952
951
950
949
948
1076
1077
1205
1204
1203
1331
1330
1202
1074
1075
947
946
818
819
820
821
822
823
824
696
695
694
693
692
691
690
689
688
687
686
685
684
556
557
429
428
427
555
554
426
425
553
681
682
683
811
810
809
808
680
679
807
806
678
677
676
675
674
673
672
671
670
669
668
796
797
798
926
925
924
923
922
1050
1178
1306
1305
1177
1049
921
920
1048
1047
1046
1045
1044
1172
1173
1301
1302
1174
1175
1176
1304
1303
1431
1432
1433
1434
1562
1563
1564
1436
1435
1307
1179
1051
1052
1180
1308
1309
1181
1053
1054
1055
1056
928
927
799
800
801
802
803
804
805
933
932
931
930
929
1057
1058
1186
1185
1184
1312
1311
1183
1182
1310
1438
1437
1565
1566
1567
1439
1440
1568
1569
1570
1571
1572
1573
1574
1446
1447
1575
1576
1577
1578
1450
1449
1448
1320
1319
1318
1190
1189
1188
1316
1317
1445
1444
1443
1442
1441
1313
1314
1315
1187
1059
1060
1061
1062
934
935
936
937
938
939
940
812
813
814
815
816
817
945
944
943
942
941
1069
1197
1325
1324
1196
1068
1067
1066
1065
1064
1063
1191
1192
1193
1321
1322
1194
1195
1323
1451
1579
1580
1452
1453
1581
1582
1583
1455
1454
1326
1198
1070
1071
1199
1327
1328
1200
1072
1073
1201
1329
1457
1456
1584
1585
1586
1458
1459
1587
1588
1589
1590
1591
1592
1464
1336
1335
1463
1462
1461
1460
1332
1333
1334
1206
1078
1079
1207
1208
1080
1081
1082
1083
1211
1210
1209
1337
1338
1339
1467
1466
1465
1593
1594
1595
1596
1468
1469
1597
1598
1599
1471
1470
1342
1214
1213
1341
1340
1212
1084
1085
1086
1087
1215
1343
1344
1216
1217
1089
1088
960
961
962
963
964
836
837
838
839
840
841
842
843
971
970
969
968
967
966
965
1093
1092
1091
1090
1218
1219
1220
1221
1222
1094
1095
1223
1351
1352
1224
1096
1097
1225
1353
1481
1480
1609
1738
1867
1739
1740
1741
1869
1868
1996
1997
2125
2126
1998
1870
1871
1999
2000
1872
1873
2001
2129
2130
2131
2132
2133
2005
2004
2003
2002
1874
1875
1876
1748
1747
1746
1745
1744
1743
1742
1614
1613
1612
1611
1610
1482
1354
1355
1483
1484
1485
1486
1358
1230
1102
1103
1231
1359
1360
1232
1104
1105
1233
1361
1489
1488
1487
1615
1616
1617
1618
1490
1491
1619
1620
1621
1493
1492
1364
1365
1366
1238
1237
1236
1235
1363
1362
1234
1106
978
977
976
975
974
973
1101
1229
1357
1356
1228
1227
1226
1098
1099
1100
972
844
845
846
847
848
849
850
851
852
853
854
855
856
857
858
859
860
861
862
863
864
865
866
867
868
869
997
996
995
994
993
992
1120
1248
1376
1375
1247
1119
991
990
989
988
987
986
985
1113
1112
984
983
982
981
980
979
1107
1108
1109
1110
1111
1239
1240
1241
1369
1368
1367
1495
1494
1622
1623
1624
1496
1497
1625
1626
1627
1628
1500
1499
1498
1370
1371
1243
1242
1114
1115
1116
1244
1372
1373
1245
1117
1118
1246
1374
1502
1501
1629
1630
1631
1503
1504
1632
1633
1634
1635
1636
1508
1507
1506
1505
1377
1249
1121
1122
1250
1378
1379
1251
1123
1124
1125
1253
1252
1380
1381
1509
1510
1511
1512
1513
1514
1386
1387
1515
1516
1517
1645
1644
1643
1642
1641
1640
1639
1638
1637
1765
1893
1892
1764
1763
1762
1761
1760
1759
1758
1757
1756
1755
1883
1884
1885
2013
2141
2140
2012
2011
2139
2138
2010
2009
1881
1882
1754
1753
1752
1880
1879
1751
1750
1749
1877
1878
2006
2007
2008
2136
2137
2265
2266
2267
2268
2269
2270
2142
2014
1886
1887
2015
2016
1888
1889
1890
1891
2019
2018
2017
2145
2144
2143
2271
2272
2273
2274
2146
2147
2275
2276
2277
2149
2148
2020
2021
2022
1894
1766
1767
1895
1896
1768
1769
1770
1771
1899
1898
1897
2025
2153
2152
2024
2023
2151
2150
2278
2279
2280
2281
2409
2410
2538
2537
2536
2408
2407
2535
2534
2406
2405
2404
2403
2402
2401
2400
2399
2398
2397
2396
2395
2394
2393
2521
2522
2523
2524
2525
2526
2527
2528
2529
2530
2531
2532
2533
2661
2662
2790
2789
2917
2916
2915
3043
3042
2914
2913
2912
2911
3039
3040
3041
3169
3297
3298
3170
3171
3299
3300
3301
3302
3174
3173
3172
3044
3045
3046
2918
2919
2920
3048
3047
3175
3176
3177
3305
3304
3303
3431
3430
3429
3428
3427
3426
3425
3424
3423
3422
3421
3420
3292
3164
3165
3293
3294
3295
3296
3168
3167
3166
3038
3037
3036
2908
2909
2910
2782
2783
2784
2785
2786
2787
2788
2660
2659
2658
2657
2656
2655
2654
2653
2781
2780
2652
2651
2650
2649
2648
2520
2519
2518
2517
2516
2515
2514
2513
2512
2384
2385
2386
2387
2388
2389
2390
2391
2392
2264
2263
2135
2134
2262
2261
2260
2259
2258
2257
2256
2128
2127
2255
2383
2382
2254
2253
2510
2511
2639
2640
2641
2642
2643
2644
2645
2773
2774
2646
2647
2775
2903
2904
2776
2777
2778
2779
2907
2906
2905
3033
3034
3035
3163
3162
3161
3160
3032
3031
3159
3158
3157
3156
3028
3029
3030
2902
2901
2900
2772
2771
2770
2769
2897
2898
2899
3027
3026
3025
3153
3281
3282
3154
3155
3283
3411
3410
3409
3537
3538
3539
3540
3541
3542
3543
3544
3545
3417
3416
3415
3414
3413
3412
3284
3285
3286
3287
3288
3289
3290
3291
3419
3418
3546
3547
3548
3549
3550
3551
3552
3553
3554
3555
3556
3557
3558
3559
3560
3432
3433
3434
3435
3436
3437
3309
3308
3307
3306
3178
3179
3051
3050
3049
2921
2922
2923
2795
2794
2793
2792
2791
2663
2664
2665
2666
2667
2539
2411
2412
2540
2668
2796
2924
3052
3180
3181
3182
3310
3438
3439
3567
3566
3565
3564
3563
3562
3561
3689
3688
3687
3815
3816
3817
3945
3944
3943
4071
4072
4073
4201
4200
4199
4198
4070
3942
3941
4069
4068
3940
3939
4067
4195
4194
4066
4065
3937
3938
3810
3811
3812
3813
3814
3686
3685
3684
3683
3682
3681
3809
3808
3680
3679
3807
3806
3678
3677
3676
3675
3803
3804
3805
3933
3932
4060
4061
4062
3934
3935
3936
4064
4063
4191
4192
4193
4321
4449
4450
4322
4323
4451
4452
4324
4196
4197
4325
4453
4454
4326
4327
4455
4456
4328
4329
4457
4458
4459
4460
4461
4462
4463
4335
4336
4464
4465
4337
4209
4208
4207
4079
4080
4081
4082
4210
4338
4466
4594
4722
4850
4978
5106
5105
5104
5103
4975
4976
4977
4849
4721
4593
4592
4591
4719
4720
4848
4847
4846
4718
4590
4589
4588
4587
4586
4585
4584
4583
4711
4712
4713
4714
4715
4716
4717
4845
4844
4843
4842
4970
4971
4972
4973
4974
5102
5101
5100
5099
5098
5097
4969
4841
4840
4839
4967
4968
5096
5095
5094
5093
5092
4964
4836
4837
4965
4966
4838
4710
4582
4581
4709
4708
4580
4579
4707
4835
4834
4962
4963
5091
5090
5089
4961
4960
5088
5087
4959
4831
4832
4833
4705
4706
4578
4577
4576
4704
4703
4575
4574
4702
4701
4573
4572
4700
4828
4829
4830
4958
4957
4956
4955
4954
4826
4827
4699
4571
4570
4698
4697
4569
4568
4696
4695
4567
4566
4694
4693
4565
4564
4436
4437
4438
4439
4440
4312
4313
4441
4442
4314
4315
4443
4444
4316
4317
4445
4446
4447
4448
4320
4319
4318
4190
4189
4188
4187
4059
3931
3930
3802
3674
3673
3801
3800
3672
3671
3799
3798
3670
3669
3797
3796
3668
3667
3795
3794
3666
3665
3793
3792
3664
3536
3408
3280
3152
3024
2896
2768
2767
2895
3023
3151
3279
3407
3535
3663
3791
3919
4047
4046
3918
4173
4174
4302
4301
4429
4428
4556
4557
4685
4686
4558
4430
4431
4303
4175
4176
4048
3920
3921
4049
4177
4178
4050
3922
3923
3924
3925
3926
3927
3928
3929
4057
4058
4186
4185
4184
4056
4055
4054
4053
4052
4051
4179
4180
4181
4182
4183
4311
4310
4309
4308
4307
4306
4305
4304
4432
4433
4434
4435
4563
4562
4561
4560
4559
4687
4688
4689
4690
4691
4692
4820
5077
5205
5333
5461
5589
5717
5845
6100
6228
6356
6357
6229
6230
6358
6359
6231
6232
6104
6105
6106
6107
6235
6234
6233
6361
6360
6488
6487
6486
6485
6484
6483
6355
6482
6609
6737
6736
6864
6863
6991
6992
6993
6865
6866
6994
6995
6996
6997
6869
6870
6998
6999
7000
6872
6871
6743
6742
6741
6740
6868
6867
6739
6738
6610
6611
6612
6613
6614
6615
6616
6744
6745
6873
6874
7002
7001
7129
7128
7127
7126
7125
7124
7123
7122
7121
7120
7119
7118
6990
6989
7117
7116
6988
7244
7372
7500
7628
7756
7884
8012
8140
8268
8396
8524
8652
8780
8908
9036
9164
9292
9420
9548
9676
9804
9803
9802
9801
9800
9799
9798
9797
9796
9795
9794
9793
9792
9920
9921
9922
9923
9924
9925
9926
9927
9928
9929
9930
9931
9932
10060
10188
10316
10444
10572
10571
10443
10315
10314
10442
10570
10698
10697
10569
10441
10313
10185
10186
10187
10059
10058
10057
10056
10184
10055
10054
10053
10052
10051
10050
10049
10177
10178
10179
10180
10181
10182
10183
10312
10440
10568
10696
10824
10952
11080
11208
11079
11207
11206
11334
11335
11336
11465
11338
11081
10953
10825
10826
10954
11082
11210
11209
11337
11464
11463
11462
11461
11333
11588
11587
11459
11716
11843
11714
11713
11712
11583
11584
11585
11586
11458
11457
11456
11455
11454
11453
11452
11580
11708
11707
11579
11451
11323
11322
11321
11320
11192
11193
11065
11064
10936
10937
10809
10681
10808
11063
11191
11319
11447
11448
11576
11577
11449
11450
11578
11706
11705
11834
11835
11963
12092
11964
11836
11837
11965
11966
12094
12093
12221
12222
12350
12351
12352
12353
12354
12355
12227
12226
12225
12224
12223
12095
12096
12097
12098
12099
12100
12228
12356
12357
12229
12230
12358
12359
12231
12232
12104
12103
12102
12101
11973
11845
11844
11972
11971
11970
11969
11968
11967
11838
11709
11581
11582
11711
11710
11839
11840
11841
11842
11715
11460
11332
11331
11330
11329
11328
11327
11326
11325
11324
11195
11194
11066
10938
10810
10682
10554
10555
10427
10428
10300
10173
10174
10302
10301
10429
10430
10431
10559
10558
10557
10556
10683
10811
11067
10939
10940
10941
10942
10943
10944
10945
10946
10947
10948
10821
10820
10819
10818
10817
10816
10815
10814
10813
10812
10684
10685
10686
10687
10688
10689
10690
10691
10692
10693
10694
10822
10950
10949
11077
11076
11075
11074
11073
11072
11071
11070
11069
11068
11196
11197
11198
11199
11200
11201
11202
11203
11204
11205
11078
10951
10823
10695
10567
10566
10565
10564
10563
10562
10561
10560
10432
10433
10434
10435
10436
10437
10438
10439
10311
10310
10309
10308
10307
10306
10305
10304
10303
10175
10176
10048
10047
10046
9918
9919
9791
9790
9789
9661
9660
9659
9658
9657
9656
9655
9654
9653
9652
9651
9523
9395
9396
9524
9525
9526
9527
9528
9529
9530
9531
9532
9533
9534
9662
9663
9664
9665
9537
9538
9666
9667
9668
9669
9670
9671
9672
9673
9674
9675
9547
9419
9291
9290
9289
9288
9287
9286
9285
9284
9412
9413
9414
9415
9416
9417
9418
9546
9545
9544
9543
9542
9541
9540
9539
9411
9410
9409
9408
9536
9535
9407
9406
9405
9404
9403
9402
9401
9400
9399
9398
9397
9269
9270
9271
9272
9273
9274
9275
9276
9277
9278
9279
9280
9281
9282
9283
9155
9154
9153
9152
9151
9150
9149
9148
9147
9146
9145
9144
9143
9142
9141
9140
9268
9267
9139
9011
9010
8881
8882
8883
8755
8756
8757
8758
8759
8760
8761
8762
8763
8764
8765
8766
8767
8768
8769
8770
8771
8772
8773
8774
8902
8903
8904
8905
8906
9034
9033
9032
9031
9030
9029
8901
8900
8899
8898
8897
8896
8895
8894
8893
8892
8891
8890
8889
8888
8887
8886
8885
8884
9012
9013
9014
9015
9016
9017
9018
9019
9020
9021
9022
9023
9024
9025
9026
9027
9028
9156
9157
9158
9159
9160
9161
9162
9163
9035
8907
8779
8651
8523
8395
8267
8139
8011
7883
7755
7627
7499
7371
7243
7115
6987
6859
6860
6861
6862
6735
6608
6481
6354
6227
5972
5844
5716
5588
5460
5332
5204
5076
4948
4819
4818
4817
4816
4815
4814
4813
4941
4942
4943
4944
4945
4946
4947
5075
5074
5073
5201
5200
5199
5198
5197
5196
5324
5325
5326
5327
5454
5453
5581
5580
5452
5451
5579
5578
5705
5706
5834
5962
6090
6218
6217
6089
5961
5833
5832
5960
6088
6216
6344
6343
6215
6214
6086
6087
5959
5831
5703
5704
5576
5577
5449
5450
5322
5323
5195
5194
5321
5448
5575
5702
5701
5574
5573
5572
5444
5445
5446
5447
5320
5192
5193
5065
5064
5191
5319
5318
5317
5190
5063
4936
4809
4682
4555
4683
4684
4812
4940
4939
4811
4810
4937
4938
5066
5067
5068
5069
5070
5071
5072
5328
5455
5582
5709
5836
5708
5707
5835
5963
6091
6219
5964
5837
5965
6093
6092
6220
6221
6222
6350
6349
6477
6476
6348
6347
6475
6603
6604
6605
6478
6351
6223
6224
6097
5970
5842
5714
5586
5585
5713
5712
5840
5841
5969
5968
6096
6095
6094
5966
5967
5839
5838
5710
5711
5583
5584
5456
5457
5458
5330
5329
5202
5203
5331
5459
5587
5715
5843
5971
6099
6098
6226
6225
6353
6352
6480
6479
6607
6606
6734
6733
6732
6731
6730
6602
6474
6346
6345
6473
6472
6600
6601
6729
6728
6856
6984
7112
7111
7239
7240
7241
7113
6985
6857
6858
6986
7114
7242
7370
7498
7626
7754
7753
7881
7882
8010
8009
8137
8138
8266
8265
8264
8136
8008
7880
7752
7624
7625
7497
7369
7368
7496
7495
7367
7366
7238
7110
7109
7237
7236
7235
7107
7108
6980
6981
6982
6983
6855
6854
6853
6852
6851
6979
6978
6977
6849
6850
6722
6721
6720
6719
6718
6717
6589
6590
6591
6592
6593
6594
6466
6467
6468
6469
6470
6598
6597
6596
6595
6723
6724
6725
6726
6727
6599
6471
6342
6213
6341
6340
6339
6338
6210
6209
6081
6080
6208
6207
6079
6078
6206
6205
6204
6203
6202
6201
6073
5945
5946
6074
6075
5947
5948
6076
6077
5949
5950
5951
5952
5824
5825
5953
5954
6082
6083
6211
6212
6084
5955
5826
5697
5696
5695
5823
5822
5694
5693
5821
5820
5819
5818
5690
5689
5817
5816
5688
5687
5815
5943
5944
6072
6071
6070
6069
6068
6196
6195
6194
6322
6450
6578
6579
6451
6323
6324
6325
6197
6198
6326
6454
6453
6452
6580
6581
6582
6583
6584
6585
6586
6458
6457
6456
6455
6327
6199
6200
6328
6329
6330
6331
6332
6333
6334
6335
6336
6337
6465
6464
6463
6462
6461
6460
6459
6587
6588
6716
6715
6714
6713
6712
6711
6710
6709
6708
6836
6837
6838
6839
6840
6841
6842
6843
6844
6845
6846
6847
6848
6976
6975
6974
6973
6972
6971
6970
6969
6968
6967
6966
6965
6964
7092
7093
7094
7095
7096
7097
7098
7099
7100
7101
7102
7103
7104
7105
7106
7234
7233
7232
7231
7230
7229
7228
7227
7226
7225
7224
7352
7353
7354
7355
7356
7357
7358
7359
7360
7488
7361
7362
7363
7364
7365
7494
7623
7751
7879
8007
8135
8263
8390
8389
8388
8387
8386
8257
8258
8259
8260
8261
8262
8134
8006
7878
7750
7622
7621
7493
7492
7491
7490
7618
7746
7747
7619
7620
7748
7749
7877
8005
8133
8132
8131
8003
8004
7876
7875
7874
8002
8130
8129
8001
7873
7745
7617
7489
7616
7744
7872
8000
8128
8256
8255
8254
8253
8252
8251
8250
8249
8377
8376
8375
8503
8504
8505
8506
8378
8379
8507
8508
8380
8381
8382
8383
8384
8385
8513
8514
8515
8516
8517
8518
8519
8391
8392
8393
8394
8522
8521
8520
8648
8649
8650
8778
8777
8776
8775
8647
8646
8645
8644
8643
8642
8641
8640
8512
8511
8639
8638
8510
8509
8637
8636
8635
8634
8633
8632
8631
8630
8629
8628
8627
8626
8754
8753
8752
8751
8750
8749
8748
8875
9002
9130
9258
9386
9643
9772
9773
9774
9775
9776
9648
9649
9521
9393
9265
9137
9136
9135
9134
9006
9005
9133
9132
9260
9388
9389
9261
9262
9390
9391
9263
9264
9392
9520
9519
9647
9646
9518
9517
9645
9644
9516
9515
9387
9259
9131
9003
9004
8876
8877
8878
8879
9007
9008
8880
9009
9138
9266
9394
9522
9650
9777
9778
9779
9780
9781
9782
9783
9784
9785
9786
9787
9788
9916
9917
10045
10044
10172
10171
10170
10169
10168
10167
10166
10165
10164
10163
10162
10161
10160
10159
10158
10157
10156
10155
10026
10027
10028
10029
10030
10031
10032
10033
10034
10035
10036
10037
10038
10039
10040
10041
10042
10043
9915
9914
9913
9912
9911
9910
9909
9908
9907
9906
9905
9904
9903
9902
9901
9900
9899
9771
9770
9898
9897
9769
9768
9640
9641
9642
9514
9513
9512
9511
9639
9510
9638
9766
9767
9895
9896
10024
10025
10153
10154
10282
10283
10411
10540
10669
10798
10927
11056
11185
11314
11443
11572
11701
11830
11959
12088
12217
12346
12475
12604
12733
12734
12735
12736
12737
12738
12739
12740
12741
12742
12743
12744
12745
12746
12874
12875
12747
12748
12749
12750
12751
12623
12624
12752
12880
12879
12878
12877
12876
13004
13005
13006
13007
13008
13009
13010
13011
12883
12884
12885
12886
12887
12759
12758
12630
12629
12757
12756
12628
12627
12755
12754
12882
12881
12753
12625
12626
12498
12499
12500
12501
12502
12503
12631
12632
12633
12634
12635
12636
12637
12638
12510
12509
12508
12507
12506
12505
12377
12249
12121
12122
12123
12124
12125
12126
12127
12254
12253
12252
12251
12250
12378
12379
12380
12381
12382
12383
12256
12255
12128
12129
12130
12131
12260
12261
12262
12263
12264
12265
12393
12266
12138
12139
12011
12012
12140
12141
12013
11885
11884
11883
11882
11881
12009
12136
12135
12134
12133
12005
12006
12007
12008
11880
11753
11754
11755
11627
11500
11501
11629
11628
11756
11757
11630
11758
11886
12014
12142
12270
12269
12268
12396
12395
12267
12010
12137
12394
12521
12522
12523
12524
12525
12397
12398
12526
12654
12783
12655
12527
12399
12400
12528
12656
12784
12912
13041
13170
13171
13172
13173
13046
13174
13175
13176
13177
13178
13179
13180
13181
13182
13183
13184
13056
13055
13054
13053
13052
13051
13050
13049
13048
13047
12919
12792
12920
12921
12922
12923
12924
12925
12926
12927
12928
12800
12799
12798
12797
12796
12795
12794
12793
12665
12666
12667
12668
12669
12670
12542
12543
12671
12672
12544
12416
12415
12414
12541
12540
12539
12538
12537
12664
12791
12918
13045
13044
13043
13042
12913
12785
12657
12529
12401
12273
12272
12271
12143
12144
12145
12146
12274
12402
12530
12531
12532
12533
12405
12277
12276
12404
12403
12275
12147
12019
12018
12017
12016
12015
11887
11888
11889
11761
11762
11890
11891
11763
11764
11892
12020
12148
12149
12150
12278
12406
12407
12535
12534
12662
12661
12660
12659
12658
12786
12914
12915
12787
12788
12916
12789
12917
12790
12663
12536
12409
12410
12411
12412
12413
12286
12287
12288
12160
12159
12031
12032
11904
11903
11775
11776
11648
11647
11519
11520
11392
11391
11263
11264
11136
11135
11134
11133
11132
11131
11130
11129
11128
11127
11126
11125
11124
11252
11253
11254
11255
11256
11384
11512
11513
11514
11515
11516
11517
11389
11388
11387
11386
11385
11257
11258
11259
11260
11261
11262
11390
11518
11646
11774
11902
12030
12158
12285
12157
12029
11901
11773
11645
11644
11772
11900
12028
12027
11899
11898
12026
12025
11897
11896
12024
12152
12153
12154
12155
12156
12284
12283
12282
12281
12408
12280
12279
12151
12023
11895
11894
12022
12021
11893
11765
11637
11636
11635
11634
11633
11505
11504
11632
11760
11759
11631
11503
11375
11248
11376
11377
11249
11250
11378
11506
11507
11508
11509
11510
11638
11766
11767
11768
11769
11770
11771
11643
11642
11641
11640
11639
11511
11383
11382
11381
11380
11379
11251
11123
11122
11121
10993
10994
10995
10996
10997
10998
10999
11000
11001
11002
11003
11004
11005
11006
11007
11008
10880
10879
10878
10877
10876
10875
10874
10873
10872
10871
10870
10869
10868
10867
10866
10865
10737
10738
10739
10740
10741
10742
10743
10744
10745
10746
10747
10748
10620
10619
10618
10490
10361
10489
10617
10616
10615
10614
10613
10612
10611
10610
10609
10608
10607
10606
10605
10604
10476
10349
10222
10095
9967
9839
9838
9837
9709
9710
9582
9581
9580
9579
9578
9705
9832
9959
10087
10088
10089
9961
9960
9833
9706
9707
9708
9836
9835
9834
9962
9963
10090
10091
10347
10474
10601
10728
10855
10982
10983
11111
11110
11238
11239
11240
11368
11496
11752
11879
11878
11877
11749
11750
11751
11623
11624
11625
11497
11498
11626
11499
11372
11373
11374
11502
11246
11247
11119
11120
10992
10991
10863
10864
10736
10735
10734
10733
10732
10731
10603
10730
10858
10859
10860
10861
10862
10990
11118
11245
11117
10989
10988
10987
11115
11116
11244
11243
11371
11370
11369
11241
11242
11114
10986
10985
11113
11112
10984
10856
10857
10729
10602
10475
10348
10221
9964
9965
9966
10094
10093
10092
10220
10219
10218
10346
10345
10473
10472
10471
10599
10600
10727
10854
10981
11108
11109
11237
11236
11235
11234
11233
11232
11231
11230
11229
11228
11100
11099
11227
11226
11098
10970
10969
10968
11096
11097
11225
11224
11223
11095
11094
11093
11221
11222
11350
11351
11352
11353
11354
11355
11356
11357
11358
11359
11360
11361
11362
11363
11364
11365
11366
11367
11495
11494
11622
11621
11493
11492
11491
11490
11489
11488
11487
11486
11485
11484
11483
11482
11610
11611
11612
11613
11614
11615
11616
11617
11618
11619
11620
11748
11876
12004
12132
12003
12002
12001
12000
11999
11998
11997
11996
11995
11994
11993
11866
11867
11868
11869
11870
11871
11872
11873
11874
11875
11747
11746
11745
11744
11743
11742
11741
11740
11739
11738
11737
11865
11992
12120
12248
12376
12504
12375
12247
12119
11991
11863
11864
11736
11608
11609
11481
11480
11479
11607
11735
11734
11862
11861
11733
11732
11860
11859
11731
11730
11858
11986
11987
11988
11989
11990
12118
12246
12374
12373
12372
12371
12370
12369
12497
12496
12368
12367
12495
12494
12622
12621
12620
12492
12493
12365
12366
12238
12239
12111
12112
12240
12241
12242
12243
12244
12245
12117
12116
12115
12114
12113
11985
11984
11856
11857
11729
11601
11473
11345
11217
11089
11090
11218
11346
11474
11602
11603
11475
11476
11604
11605
11606
11478
11477
11349
11348
11347
11219
11220
11092
11091
10963
10964
10965
10966
10967
10839
10840
10841
10713
10712
10711
10710
10838
10837
10836
10708
10709
10581
10580
10579
10578
10706
10707
10835
10834
10962
10961
10833
10705
10577
10449
10321
10193
10194
10195
10323
10322
10450
10451
10452
10453
10454
10582
10583
10584
10585
10586
10587
10588
10589
10717
10718
10590
10462
10334
10335
10463
10464
10336
10337
10465
10593
10592
10591
10719
10720
10721
10849
10977
10976
10848
10847
10846
10845
10844
10716
10715
10714
10842
10843
10971
10972
10973
11101
11102
10974
10975
11103
11104
11105
11106
11107
10980
10979
10978
10850
10851
10852
10853
10726
10725
10724
10723
10722
10594
10595
10596
10597
10598
10470
10469
10468
10340
10341
10212
10084
9956
9955
10083
10211
10339
10467
10466
10338
10210
10082
10081
10209
10208
10207
10206
10205
10333
10461
10460
10332
10204
10203
10331
10459
10458
10457
10456
10455
10327
10328
10329
10330
10202
10201
10200
10199
10198
10326
10325
10324
10196
10197
10069
10068
9940
9812
9684
9685
9813
9941
9942
10070
10071
10072
10073
10074
10075
10076
10077
10078
10079
10080
9952
9951
9823
9824
9696
9568
9440
9439
9311
9312
9184
9183
9182
9181
9180
9179
9178
9306
9307
9308
9309
9310
9438
9566
9567
9695
9694
9693
9821
9822
9950
9949
9948
9947
9819
9820
9692
9691
9563
9564
9565
9437
9436
9435
9434
9562
9690
9818
9946
9945
9817
9816
9944
9943
9815
9814
9686
9687
9688
9689
9561
9560
9559
9558
9557
9556
9555
9554
9682
9683
9811
9810
9938
9939
10067
10066
10065
9937
9809
9681
9553
9552
9551
9423
9295
9167
9039
8911
8783
8655
8527
8399
8398
8526
8654
8782
8910
9038
9166
9294
9422
9550
9678
9806
9934
10062
10190
10318
10446
10574
10702
10830
10958
11086
11214
11342
11470
11598
11726
11853
11980
12107
12234
12363
12490
12489
12361
12362
12235
12236
12108
12109
11981
11982
11854
11855
11727
11599
11471
11343
11215
11087
10959
10831
10703
10575
10447
10319
10191
10063
9935
9807
9679
9680
9808
9936
10064
10192
10320
10448
10576
10704
10832
10960
11088
11216
11344
11472
11600
11728
11983
12110
12237
12364
12491
12619
12618
12617
12616
12615
12614
12613
12612
12611
12610
12609
12608
12607
12606
12605
12477
12476
12348
12347
12218
12219
12090
12089
11961
11960
11832
11831
11703
11702
11574
11573
11445
11444
11316
11317
11189
11188
11059
11187
11315
11186
11058
11057
10929
10928
10800
10799
10671
10670
10542
10541
10413
10412
10284
10285
10286
10414
10415
10287
10288
10289
10290
10291
10292
10293
10294
10295
10296
10297
10298
10299
10426
10553
10425
10424
10423
10422
10421
10420
10419
10418
10417
10416
10544
10543
10672
10673
10545
10546
10674
10675
10547
10548
10549
10550
10551
10552
10680
10679
10678
10677
10676
10804
10803
10802
10801
10930
10931
10932
11060
11061
11062
10934
10933
10805
10806
10807
10935
11190
11318
11446
11575
11704
11833
11962
12091
12220
12349
12478
12479
12480
12481
12482
12483
12484
12485
12486
12487
12488
12360
12233
12106
12105
11977
11976
11975
11974
11846
11847
11848
11720
11719
11718
11717
11589
11590
11591
11592
11593
11594
11466
11467
11339
11340
11468
11596
11595
11723
11722
11721
11849
11850
11978
11979
11851
11852
11724
11725
11597
11469
11341
11213
11212
11211
11083
10955
10956
11084
11085
10957
10829
10828
10827
10699
10700
10701
10573
10445
10317
10189
10061
9933
9805
9677
9549
9421
9293
9165
9037
8909
8781
8653
8525
8397
8269
8141
8013
7885
7757
7629
7501
7502
7630
7758
7886
8014
8142
8270
8271
8272
8400
8401
8529
8528
8656
8657
8658
8659
8660
8661
8662
8534
8535
8663
8791
8790
8789
8788
8787
8786
8785
8784
8912
8913
9041
9040
9168
9169
9170
9042
8914
8915
8916
8917
8918
8919
9047
9046
9045
9044
9043
9171
9172
9173
9174
9175
9176
9304
9303
9302
9301
9300
9299
9298
9297
9296
9424
9425
9426
9427
9428
9429
9430
9431
9432
9433
9305
9177
9049
9048
8920
8921
8922
8923
8924
8925
8926
8927
8799
8800
8672
8671
8670
8798
8797
8796
8795
8667
8539
8411
8283
8155
8027
8026
8025
8024
7896
7897
7769
7641
7513
7385
7386
7514
7642
7770
7898
7899
7771
7643
7515
7387
7259
7260
7261
7262
7263
7264
7136
7135
7134
7133
7132
7004
7005
7006
7007
7008
7009
7010
6882
6881
6753
6754
6626
6498
6499
6500
6628
6627
6755
6756
6884
6883
7011
7139
7267
7395
7523
7651
7779
7907
8035
8036
8037
8165
8166
8294
8422
8421
8293
8292
8164
8163
8291
8419
8420
8548
8676
8805
8804
8803
8675
8547
8546
8418
8290
8162
8161
8160
8159
8158
8157
8029
8030
8031
8032
8033
8034
7906
7778
7650
7522
7394
7266
7138
7137
7265
7393
7521
7649
7648
7520
7392
7391
7390
7389
7388
7516
7517
7518
7519
7647
7775
7776
7777
7905
7904
7903
7902
7901
7773
7774
7646
7645
7644
7772
7900
8028
8156
8284
8285
8286
8287
8288
8289
8417
8416
8415
8414
8413
8412
8540
8668
8669
8541
8542
8543
8544
8545
8673
8674
8802
8801
8929
8928
9056
9055
9054
9053
9052
9051
9050
8794
8666
8538
8410
8282
8154
8153
8152
8280
8281
8409
8537
8665
8793
8792
8664
8536
8408
8407
8406
8277
8149
8021
8022
8150
8278
8279
8151
8023
7895
7894
7893
7892
8020
8148
8276
8404
8405
8533
8532
8531
8530
8402
8403
8275
8147
8146
8274
8273
8145
8144
8143
8015
8016
8017
8018
8019
7891
7763
7762
7890
7889
7888
7887
7759
7760
7761
7633
7634
7635
7507
7508
7380
7379
7378
7506
7505
7377
7376
7504
7632
7631
7503
7375
7374
7373
7245
7246
7247
7248
7249
7250
7251
7252
7253
7254
7255
7383
7382
7381
7509
7510
7511
7639
7638
7637
7636
7764
7765
7766
7767
7768
7640
7512
7384
7256
7257
7258
7130
7131
7003
6875
6876
6877
6878
6750
6749
6621
6493
6492
6491
6619
6620
6748
6747
6746
6618
6617
6489
6490
6362
6363
6364
6365
6237
6236
6108
6109
6110
6111
6112
6113
6241
6240
6239
6238
6366
6367
6495
6494
6622
6623
6751
6879
6880
6752
6624
6625
6497
6496
6368
6369
6370
6242
6243
6371
6372
6244
6116
6117
6245
6246
6118
6119
6247
6248
6120
6121
6122
6250
6249
6377
6378
6379
6380
6508
6507
6506
6505
6504
6376
6375
6503
6631
6630
6502
6374
6373
6501
6629
6757
6885
6886
6758
6759
6887
6888
6760
6632
6633
6634
6762
6761
6889
6890
7018
7146
7017
7145
7273
7272
7400
7528
7655
7527
7399
7398
7526
7654
7782
7781
7653
7525
7397
7269
7270
7271
7143
7144
7016
7015
7014
7142
7141
7013
7012
7140
7268
7396
7524
7652
7780
7908
7909
7910
8038
8039
8167
8295
8423
8551
8550
8549
8677
8678
8806
8934
9062
9190
9189
9061
8933
8932
9060
9059
8931
8930
9058
9057
9185
9313
9441
9569
9697
9825
9953
9954
9826
9698
9570
9442
9186
9314
9315
9187
9188
9316
9317
9318
9446
9445
9444
9443
9571
9699
9827
9828
9700
9572
9573
9701
9829
9702
9574
9575
9448
9447
9319
9191
9192
9320
9064
9063
8935
8807
8679
8680
8808
8936
8937
9065
9193
9321
9194
9066
8938
8810
8809
8681
8682
8683
8684
8812
8811
8939
9067
8940
8813
8685
8686
8687
8560
8433
8305
8177
8304
8432
8559
8431
8303
8302
8301
8300
8299
8298
8297
8425
8426
8427
8428
8429
8430
8558
8557
8556
8555
8554
8553
8552
8424
8296
8168
8040
7912
7911
7783
7784
7656
7657
7529
7401
7402
7274
7275
7147
7019
6891
6763
6635
6636
6764
6892
7020
7021
6893
6894
7022
7023
6895
6767
6766
6765
6637
6638
6639
6640
6768
6896
7024
7152
7151
7150
7149
7148
7276
7277
7278
7279
7280
7281
7409
7408
7407
7406
7405
7404
7403
7531
7530
7658
7786
7785
7913
8041
8169
8170
8171
8172
8173
8174
8046
8045
8044
8043
8042
7914
7915
7916
7917
7918
7790
7791
7663
7662
7661
7789
7788
7787
7659
7660
7532
7533
7534
7535
7536
7537
7538
7666
7794
7793
7665
7664
7792
7920
7919
8047
8175
8176
8048
8049
7921
7922
8050
8178
8306
8307
8179
8051
7923
7795
7667
7539
7411
7410
7282
7283
7284
7412
7540
7668
7796
7924
8052
8053
7925
7926
7927
7799
7671
7543
7415
7287
7159
7031
6903
6775
6647
6519
6518
6646
6774
6902
7030
7158
7286
7414
7542
7670
7798
7797
7669
7541
7413
7285
7157
7029
6901
6773
6772
6771
6899
6900
7028
7156
7155
7027
7026
7154
7153
7025
6897
6898
6770
6769
6641
6642
6514
6515
6643
6644
6645
6517
6516
6388
6389
6390
6391
6263
6262
6261
6260
6132
6133
6134
6135
6007
6006
6005
6004
6003
6131
6130
6002
6001
6129
6257
6258
6259
6387
6386
6385
6513
6512
6511
6510
6509
6381
6382
6383
6384
6256
6255
6127
6128
6000
5999
5998
5997
5996
6124
6125
6126
6254
6253
6252
6251
6123
5995
5994
5993
5992
5991
5990
5989
5988
5987
6115
6114
5986
5985
5984
5983
5982
5981
5980
5979
5978
5977
5976
5975
6103
6102
6101
5973
5974
5846
5718
5590
5462
5334
5206
5078
4950
4949
4821
4822
4823
4951
4952
4824
4825
4953
5081
5080
5079
5207
5208
5336
5335
5463
5464
5465
5337
5209
5210
5082
5083
5084
5085
5086
5214
5215
5216
5217
5218
5346
5474
5475
5347
5219
5220
5348
5476
5477
5349
5221
5222
5223
5224
5352
5351
5350
5478
5479
5480
5481
5353
5225
5226
5354
5355
5227
5228
5356
5484
5485
5357
5229
5230
5231
5232
5233
5234
5362
5361
5360
5488
5487
5359
5358
5486
5614
5615
5616
5617
5489
5490
5618
5746
5745
5744
5743
5742
5741
5613
5612
5740
5739
5611
5483
5482
5610
5738
5737
5609
5608
5736
5735
5607
5606
5734
5733
5605
5604
5732
5731
5603
5602
5730
5729
5728
5727
5726
5598
5599
5600
5601
5473
5345
5344
5472
5471
5343
5342
5470
5469
5468
5340
5341
5213
5212
5211
5339
5338
5466
5467
5595
5596
5597
5725
5724
5723
5722
5594
5593
5721
5720
5592
5591
5719
5847
5848
5849
5850
5851
5852
5853
5854
5855
5856
5857
5858
5859
5860
5861
5862
5863
5864
5865
5866
5867
5868
5869
5870
5871
5872
5873
5874
5875
5876
5877
5878
5879
5880
6008
6136
6264
6392
6520
6648
6776
6904
7032
7160
7288
7416
7544
7672
7800
7928
8056
8057
7929
7801
7673
7545
7417
7289
7161
7033
6905
6777
6649
6521
6393
6265
6137
6009
5881
5753
5752
5751
5750
5749
5621
5622
5623
5624
5625
5626
5754
5882
6010
6138
6266
6394
6522
6650
6778
6906
7034
7162
7290
7418
7546
7674
7802
7930
8058
8186
8185
8184
8183
8055
8054
8182
8181
8180
8308
8309
8310
8311
8312
8313
8314
8442
8441
8440
8439
8438
8437
8436
8435
8434
8561
8562
8563
8564
8565
8566
8567
8568
8696
8824
8825
8826
8827
8955
8954
8953
9081
9209
9210
9082
9083
9211
9339
9467
9595
9723
9851
9979
10107
10235
10236
10108
9980
9852
9724
9596
9468
9469
9597
9725
9853
9981
10109
10237
10238
10110
9982
9854
9726
9598
9470
9342
9214
9213
9341
9340
9212
9084
8956
8828
8700
8699
8698
8697
8569
8570
8571
8572
8573
8701
8829
8957
9085
9086
8958
8830
8702
8574
8446
8445
8444
8443
8315
8187
8059
7931
7803
7675
7547
7419
7291
7163
7035
6907
6779
6651
6523
6395
6267
6139
6011
5883
5755
5627
5499
5498
5497
5496
5495
5494
5493
5365
5237
5109
4981
4853
4725
4597
4469
4341
4213
4085
3957
3828
3956
4084
4212
4340
4468
4596
4724
4852
4980
5108
5236
5364
5492
5620
5748
5747
5619
5491
5363
5235
5107
4979
4851
4723
4595
4467
4339
4211
4083
3955
3827
3698
3826
3954
3953
3952
3951
3950
4078
4077
3949
3948
4076
4204
4205
4206
4334
4333
4332
4331
4330
4202
4203
4075
4074
3946
3947
3819
3818
3690
3691
3692
3820
3821
3693
3694
3822
3823
3695
3696
3824
3825
3697
3569
3568
3440
3311
3183
3312
3441
3570
3699
3571
3442
3313
3184
3055
2927
2799
2671
2672
2673
2674
2675
2676
2677
2678
2550
2549
2548
2547
2546
2545
2544
2543
2542
2670
2798
2926
3054
3053
2925
2797
2669
2541
2413
2414
2415
2416
2417
2418
2419
2420
2421
2422
2423
2424
2425
2426
2427
2299
2298
2297
2296
2295
2294
2293
2292
2291
2290
2289
2288
2287
2286
2285
2284
2283
2282
2154
2026
2027
2155
2156
2157
2029
2028
1900
1772
1773
1901
1902
1774
1775
1776
1777
1905
1906
1778
1779
1907
1908
1780
1781
1909
1910
1782
1783
1911
1912
1913
1785
1784
1656
1657
1529
1530
1658
1786
1914
2041
2040
2039
2038
2037
2036
2035
2034
2033
2032
1904
1903
2031
2030
2158
2159
2160
2161
2162
2163
2164
2165
2166
2167
2168
2169
2042
1915
1787
1659
1531
1403
1404
1532
1660
1788
1916
1917
1789
1661
1533
1405
1277
1149
1021
1020
1019
891
892
893
765
764
763
762
890
889
761
760
759
887
888
1016
1015
1014
1013
1012
1140
1141
1269
1268
1267
1395
1394
1266
1265
1393
1521
1522
1523
1524
1396
1397
1398
1270
1142
1143
1144
1145
1017
1018
1146
1147
1148
1276
1275
1274
1402
1401
1273
1272
1271
1399
1400
1528
1527
1655
1654
1526
1525
1653
1652
1651
1650
1649
1648
1520
1519
1647
1646
1518
1390
1262
1261
1389
1388
1260
1259
1258
1130
1129
1128
1127
1255
1256
1257
1385
1384
1383
1382
1254
1126
998
999
1000
1001
1002
874
875
876
877
878
879
880
881
1009
1008
1007
1006
1005
1004
1003
1131
1132
1133
1134
1135
1263
1391
1392
1264
1136
1137
1138
1139
1011
1010
882
883
884
885
886
758
757
756
755
754
753
752
751
750
749
748
747
746
745
873
872
744
743
871
870
742
741
740
739
738
737
736
735
734
733
732
731
730
729
728
727
726
725
724
723
722
721
720
719
718
717
716
715
714
713
712
711
710
709
708
707
835
834
706
578
579
580
581
582
454
453
452
451
450
322
323
324
325
326
327
328
456
455
583
584
585
586
587
588
589
590
591
592
593
465
464
463
462
461
460
459
458
457
329
330
331
332
333
334
335
336
337
338
339
467
466
594
595
596
597
469
468
340
341
342
343
344
345
346
347
475
474
473
472
471
470
598
599
600
601
602
603
604
605
606
607
608
609
610
611
612
613
485
484
483
482
481
480
479
478
477
476
348
349
350
351
352
353
354
355
356
357
358
486
614
615
616
488
487
359
360
361
362
363
364
365
493
492
491
490
489
617
618
619
620
621
622
623
624
625
497
496
495
494
366
367
368
369
370
371
372
373
501
500
499
498
626
627
628
629
630
631
632
633
634
635
507
506
505
504
503
502
374
375
376
377
378
379
380
381
382
383
384
512
511
510
509
508
636
637
638
639
640
768
896
1024
1152
1280
1408
1536
1664
1792
1920
2048
2176
2304
2432
2560
2688
2816
2815
2687
2559
2431
2303
2175
2047
1919
1791
1663
1535
1407
1279
1151
1023
895
767
766
894
1022
1150
1278
1406
1534
1662
1790
1918
2046
2174
2302
2430
2558
2686
2814
2942
3070
3069
3068
3067
3066
3065
3064
3063
3062
3061
3060
3059
3058
3057
2929
2930
2931
2932
2933
2934
2935
2936
2937
2938
2939
2940
2941
2813
2685
2557
2429
2301
2173
2045
2044
2043
2170
2171
2172
2300
2428
2556
2555
2554
2553
2552
2551
2679
2680
2681
2682
2683
2684
2812
2811
2810
2809
2808
2807
2806
2805
2804
2803
2802
2801
2800
2928
3056
3185
3314
3186
3187
3315
3443
3444
3445
3446
3447
3448
3449
3450
3451
3452
3453
3325
3324
3323
3322
3321
3320
3319
3318
3317
3316
3188
3189
3190
3191
3192
3193
3194
3195
3196
3197
3198
3326
3454
3327
3199
3071
2943
2944
3072
3200
3328
3456
3455
3583
3582
3581
3580
3579
3578
3577
3576
3575
3574
3573
3572
3700
3829
3701
3702
3703
3704
3705
3706
3707
3708
3709
3710
3838
3966
4094
4222
4350
4478
4606
4734
4862
4863
4735
4607
4479
4351
4223
4095
3967
3839
3711
3584
3712
3840
3968
4096
4224
4352
4480
4608
4736
4864
4992
4991
4990
4989
4988
4987
4859
4860
4861
4733
4605
4477
4349
4221
4093
3965
3837
3836
3835
3834
3833
3832
3960
4088
4216
4344
4472
4600
4601
4473
4474
4475
4347
4346
4345
4217
4089
3961
3962
4090
4218
4219
4091
3963
3964
4092
4220
4348
4476
4604
4732
4731
4603
4602
4730
4858
4986
5114
5115
5116
5117
5118
5119
5120
5248
5247
5246
5245
5244
5243
5242
5241
5113
4985
4857
4729
4728
4856
4984
5112
5111
4983
4855
4727
4599
4471
4343
4215
4087
3959
3831
3830
3958
4086
4214
4342
4470
4598
4726
4854
4982
5110
5238
5366
5367
5239
5240
5368
5369
5370
5371
5372
5500
5628
5756
5884
6012
6140
6268
6396
6524
6652
6780
6908
7036
7164
7292
7420
7548
7676
7804
7932
8060
8188
8316
8317
8189
8061
7933
7805
7677
7549
7421
7293
7165
7037
6909
6781
6653
6525
6397
6269
6141
6013
5885
5757
5629
5501
5373
5374
5375
5376
5504
5632
5760
5888
6016
6144
6272
6400
6528
6656
6784
6912
7040
7168
7296
7424
7552
7680
7808
7936
8064
8192
8191
8063
7935
7807
7679
7551
7423
7295
7167
7039
6911
6783
6655
6527
6399
6271
6143
6015
5887
5759
5631
5503
5502
5630
5758
5886
6014
6142
6270
6398
6526
6654
6782
6910
7038
7166
7294
7422
7550
7678
7806
7934
8062
8190
8318
8319
8447
8575
8703
8831
8959
9087
9215
9343
9471
9599
9727
9855
9983
10111
10239
10366
10365
10364
10363
10234
10106
9978
9850
9722
9594
9466
9338
9337
9465
9593
9721
9720
9592
9464
9336
9208
9080
8952
8951
8823
8695
8694
8693
8692
8691
8819
8818
8690
8689
8817
8816
8688
8815
8814
8941
9068
9195
9322
9449
9576
9703
9830
9957
10085
10213
10342
10343
10344
10217
10216
10215
10214
10086
9958
9831
9704
9577
9450
9451
9452
9453
9325
9197
9324
9323
9196
9069
8942
8943
8944
8945
8946
8947
8820
8821
8822
8950
9078
9079
9207
9206
9334
9335
9463
9462
9461
9589
9588
9460
9333
9205
9332
9204
9076
9077
8949
8948
9075
9074
9073
9072
9071
9070
9198
9326
9454
9455
9456
9329
9328
9327
9199
9200
9201
9202
9203
9331
9330
9458
9457
9585
9584
9583
9711
9712
9713
9841
9840
9968
9969
10098
10097
10096
10223
10351
10350
10477
10478
10479
10480
10481
10482
10483
10484
10356
10355
10354
10353
10352
10224
10225
10226
10227
10228
10229
10230
10231
10359
10358
10357
10485
10486
10487
10488
10360
10232
10103
10104
9976
9975
10102
10101
10100
10099
9970
9842
9714
9586
9459
9587
9715
9843
9971
9972
9844
9716
9717
9845
9973
9974
9846
9718
9590
9591
9719
9847
9848
9849
9977
10105
10233
10362
10491
10492
10493
10494
10622
10621
10749
10750
10751
10752
10624
10623
10495
10496
10368
10367
10240
10112
9984
9856
9728
9600
9472
9344
9216
9088
8960
8832
8704
8576
8448
16384
-1
EOF
