NAME : test.18188522.tour
COMMENT : Length = 18188522
COMMENT : Found by LKH [Keld Helsgaun] Sun Jan 22 21:06:36 2023
TYPE : TOUR
DIMENSION : 16511
TOUR_SECTION
1
7999
7870
7741
7612
7483
7354
7225
7096
6967
6838
6709
6580
6451
6322
6193
6064
5935
5806
5677
5548
5419
5420
5549
5678
5807
5936
6065
6194
6323
6452
6581
6710
6839
6968
7097
7226
7355
7484
7613
7742
7871
8000
8129
8130
8257
8384
8511
8638
8765
8892
9019
9146
9273
9400
9527
9654
9781
9908
10035
10036
10037
10038
10039
10040
10041
10042
10043
10170
10169
10168
10167
10166
10165
10164
10163
10162
10289
10290
10291
10292
10293
10294
10295
10296
10297
10298
10299
10300
10301
10302
10303
10304
10305
10306
10307
10308
10181
10180
10179
10178
10177
10050
10051
10052
10053
10054
9927
9926
9925
9924
9923
9922
9921
9794
9666
9665
9792
9793
9920
9919
10046
10047
10048
10049
10176
10175
10174
10173
10172
10171
10044
10045
9918
9917
9791
9664
9537
9410
9411
9538
9539
9667
9795
9796
9668
9669
9670
9797
9798
9671
9544
9543
9542
9541
9414
9415
9288
9161
9162
9289
9416
9417
9290
9291
9292
9164
9163
9036
8908
9035
9034
9033
8906
8907
8780
8779
8778
8905
9032
9159
9160
9287
9286
9413
9540
9412
9285
9158
9031
8904
8777
8650
8523
8524
8651
8652
8525
8398
8270
8397
8396
8395
8522
8521
8520
8647
8774
8901
9028
9029
8902
8775
8648
8649
8776
8903
9030
9157
9284
9283
9156
9155
9282
9409
9536
9663
9790
9916
9915
9914
9786
9658
9659
9531
9404
9277
9150
9023
8896
8769
8642
8515
8388
8261
8134
8005
7876
7747
7618
7489
7360
7231
7102
6973
6844
6715
6586
6457
6456
6585
6714
6843
6972
7101
7230
7359
7488
7617
7746
7875
8004
8133
8260
8259
8386
8387
8514
8641
8768
8895
9022
9149
9276
9403
9530
9657
9785
9913
9912
9911
9784
9783
9910
9909
9782
9655
9656
9529
9528
9401
9402
9275
9274
9147
9148
9021
9020
8893
8894
8767
8766
8639
8640
8513
8512
8385
8258
8131
8132
8003
7874
7745
7616
7487
7358
7229
7100
6971
6842
6713
6584
6455
6326
6197
6068
5939
5810
5681
5682
5811
5940
6069
6198
6327
6328
6199
6070
5941
5812
5683
5554
5553
5552
5551
5680
5809
5938
6067
6196
6325
6454
6583
6712
6841
6970
7099
7228
7357
7486
7615
7744
7873
8002
8001
7872
7743
7614
7485
7356
7227
7098
6969
6840
6711
6582
6453
6324
6195
6066
5937
5808
5679
5550
5421
5422
5423
5424
5425
5426
5555
5684
5813
5942
6071
6200
6329
6458
6587
6716
6845
6974
7103
7232
7361
7490
7619
7748
7877
8006
8135
8262
8389
8516
8643
8770
8897
9024
9151
9278
9405
9532
9533
9660
9661
9788
9787
9789
9662
9535
9408
9281
9154
9027
8900
8773
8646
8519
8392
8391
8518
8645
8772
8899
9026
9153
9280
9407
9534
9406
9279
9152
9025
8898
8771
8644
8517
8390
8263
8136
8007
7878
7749
7620
7491
7362
7233
7104
6975
6846
6717
6588
6459
6330
6201
6072
5943
5814
5685
5556
5427
5428
5429
5430
5431
5432
5303
5174
5045
4916
4787
4658
4529
4400
4271
4142
4013
3884
3755
3626
3497
3368
3367
3366
3365
3364
3363
3362
3361
3360
3231
3232
3233
3234
3235
3236
3237
3238
3239
3110
3109
3108
3107
3106
3105
3104
3103
3102
3101
3100
3229
3230
3359
3358
3488
3487
3616
3617
3746
3745
3874
4003
4132
4261
4390
4519
4648
4649
4520
4391
4262
4133
4004
3875
3876
3747
3618
3489
3490
3491
3492
3493
3494
3495
3496
3625
3624
3623
3622
3621
3620
3619
3748
3877
3878
3749
3750
3879
4008
4137
4266
4265
4394
4395
4524
4523
4652
4653
4654
4525
4396
4267
4138
4009
4010
4011
3882
3881
3880
3751
3752
3753
3754
3883
4012
4141
4270
4399
4528
4657
4786
4915
5044
5173
5302
5301
5172
5043
5042
5171
5300
5299
5298
5297
5296
5295
5294
5293
5292
5291
5290
5161
5162
5163
5164
5165
5166
5167
5168
5169
5170
5041
5040
5039
5038
5037
5036
5035
5034
5033
5032
4903
4904
4905
4906
4907
4908
4909
4910
4911
4912
4913
4914
4785
4656
4527
4398
4269
4140
4139
4268
4397
4526
4655
4784
4783
4782
4781
4780
4651
4522
4393
4264
4135
4136
4007
4006
4005
4134
4263
4392
4521
4650
4779
4778
4777
4776
4775
4774
4645
4516
4517
4646
4647
4518
4389
4260
4259
4388
4387
4258
4129
4000
3871
3742
3613
3484
3485
3614
3743
3872
4001
4130
4131
4002
3873
3744
3615
3486
3357
3228
3099
2970
2841
2712
2711
2840
2969
3098
3227
3356
3355
3226
3097
2968
2839
2710
2581
2452
2323
2194
2065
1936
1807
1678
1549
1420
1291
1162
1033
904
905
1034
1163
1292
1421
1550
1679
1808
1937
2066
2195
2324
2453
2582
2583
2584
2713
2842
2971
2972
2973
2974
2975
2976
2977
2978
2979
2980
2981
2982
2983
2984
3113
3242
3370
3241
3112
3111
3240
3369
3498
3627
3499
3371
3243
3115
2987
2858
2729
2600
2599
2598
2597
2596
2595
2594
2593
2592
2591
2590
2589
2588
2587
2586
2715
2716
2717
2718
2719
2720
2721
2722
2723
2724
2725
2726
2727
2728
2857
2986
3114
2985
2856
2855
2854
2853
2852
2851
2850
2849
2848
2847
2846
2845
2844
2843
2714
2585
2456
2327
2326
2455
2454
2325
2196
2067
1938
1809
1680
1551
1422
1293
1164
1035
906
776
775
646
647
777
648
649
778
907
1036
1165
1294
1423
1552
1681
1810
1939
1940
1811
1682
1553
1424
1295
1166
1037
908
779
780
781
782
911
912
913
914
785
786
787
788
789
790
791
792
793
794
795
796
667
666
665
664
663
662
661
660
659
658
657
656
655
784
783
654
653
652
651
650
521
522
393
392
391
520
519
518
517
388
259
260
389
390
261
262
263
264
265
266
395
394
523
524
525
526
527
528
399
398
397
396
267
268
269
270
271
272
273
274
275
276
277
278
407
406
405
404
403
402
401
400
529
530
531
532
533
534
535
536
537
538
409
408
279
280
281
282
283
284
285
414
413
412
411
410
539
540
541
542
543
544
545
546
417
416
415
286
287
288
289
290
291
292
293
294
295
296
425
424
423
422
421
420
419
418
547
548
549
550
551
552
553
554
555
556
557
558
559
430
429
428
427
426
297
298
299
300
301
302
303
304
433
432
431
560
561
562
563
564
565
566
567
438
437
436
435
434
305
306
307
308
309
310
311
312
313
314
315
444
443
442
441
440
439
568
569
570
571
572
573
574
575
576
577
578
579
580
451
450
449
448
447
446
445
316
317
318
319
320
321
322
323
452
581
582
583
454
453
324
325
326
327
328
329
330
459
458
457
456
455
584
585
586
587
588
589
590
591
592
463
462
461
460
331
332
333
334
335
336
337
338
339
340
341
342
471
600
601
602
603
474
473
472
343
344
345
346
347
348
349
478
477
476
475
604
605
606
607
608
609
610
481
480
479
350
351
352
353
354
355
356
357
358
359
360
361
490
619
620
621
622
623
624
495
494
493
492
491
362
363
364
365
366
367
368
497
496
625
626
627
628
629
500
499
498
369
370
371
372
373
374
375
376
377
378
379
380
381
382
383
384
385
514
643
642
513
512
641
640
511
510
639
638
509
508
507
506
505
504
503
502
501
630
631
632
633
634
635
636
637
766
765
764
763
762
761
760
759
758
757
756
755
754
753
752
751
750
749
878
879
880
881
882
883
884
885
886
887
888
889
890
891
892
893
894
895
896
767
768
897
898
769
770
771
772
901
900
899
1028
1027
1026
1025
1024
1153
1154
1155
1156
1157
1286
1287
1158
1029
1030
1159
1288
1417
1416
1415
1544
1545
1546
1675
1674
1673
1672
1543
1542
1671
1670
1541
1412
1413
1414
1285
1284
1283
1282
1411
1410
1281
1152
1023
1022
1021
1020
1019
1018
1017
1016
1015
1014
1013
1012
1011
1140
1269
1398
1399
1400
1401
1272
1271
1270
1141
1142
1143
1144
1145
1274
1273
1402
1403
1532
1533
1534
1535
1406
1277
1276
1405
1404
1275
1146
1147
1148
1149
1278
1407
1408
1279
1150
1151
1280
1409
1538
1539
1540
1669
1668
1667
1666
1537
1536
1665
1664
1663
1662
1661
1660
1531
1530
1659
1658
1529
1528
1657
1656
1527
1526
1655
1654
1653
1652
1523
1524
1525
1396
1397
1268
1267
1138
1139
1010
1009
1008
1007
1006
1005
1134
1135
1136
1137
1266
1395
1394
1265
1264
1393
1522
1651
1650
1521
1520
1391
1392
1263
1262
1133
1132
1131
1130
1129
1128
1257
1258
1259
1388
1389
1260
1261
1390
1519
1518
1517
1516
1387
1386
1385
1256
1255
1254
1253
1382
1383
1384
1513
1512
1511
1510
1509
1380
1381
1252
1251
1250
1379
1378
1249
1120
1121
1122
1123
1124
1125
1126
1127
998
999
1000
1001
1002
1003
1004
875
876
877
748
747
746
617
618
489
488
487
616
615
486
485
484
483
482
611
612
613
614
743
744
745
874
873
872
871
742
741
870
869
740
739
738
867
868
997
996
995
994
993
992
991
862
863
864
865
866
737
736
735
734
733
732
861
990
989
988
987
986
1115
1244
1373
1372
1243
1114
1113
984
985
856
857
858
859
860
731
730
729
728
727
598
599
470
469
468
597
596
467
466
465
464
593
594
595
724
725
726
855
854
853
852
723
722
851
850
721
720
719
718
717
716
715
714
713
712
711
710
709
708
707
706
705
834
833
704
703
832
831
702
701
700
699
698
697
826
827
828
829
830
959
958
957
956
955
954
953
952
951
950
949
948
947
1076
1075
946
945
944
943
942
941
1070
1071
1072
1201
1200
1199
1328
1327
1198
1197
1326
1455
1456
1457
1458
1329
1330
1331
1202
1073
1074
1203
1204
1205
1334
1333
1332
1461
1462
1463
1464
1465
1466
1595
1594
1593
1592
1591
1590
1589
1460
1459
1588
1587
1586
1585
1584
1583
1454
1453
1582
1581
1580
1579
1450
1451
1452
1323
1194
1065
1066
1195
1324
1325
1196
1067
1068
1069
940
939
938
937
936
935
1064
1193
1322
1321
1192
1063
934
805
806
807
808
809
810
811
812
813
814
815
816
817
818
819
820
821
822
823
824
825
696
695
694
693
692
691
690
689
688
687
686
685
684
683
682
681
680
679
678
677
676
675
674
673
672
671
670
669
668
797
798
799
800
801
802
803
804
933
932
931
930
929
928
1057
1186
1315
1316
1317
1188
1187
1058
1059
1060
1061
1062
1191
1190
1189
1318
1319
1320
1449
1578
1577
1448
1447
1576
1575
1446
1445
1574
1573
1444
1443
1572
1571
1570
1441
1442
1313
1314
1185
1184
1183
1312
1311
1182
1053
1054
1055
1056
927
926
925
924
923
922
921
920
919
918
917
916
915
1044
1045
1046
1047
1048
1049
1050
1179
1308
1309
1180
1051
1052
1181
1310
1439
1440
1569
1568
1567
1438
1437
1566
1565
1436
1307
1178
1177
1306
1305
1176
1175
1174
1173
1302
1303
1304
1433
1434
1435
1564
1563
1562
1561
1432
1431
1560
1559
1558
1557
1556
1685
1814
1944
1945
1946
1947
1948
1949
1950
1951
1952
1953
1954
1955
2084
2083
2082
2081
2080
2079
2078
2077
2076
2075
2074
2073
1943
1813
1684
1555
1426
1297
1168
1169
1170
1299
1298
1427
1428
1429
1430
1301
1300
1171
1172
1043
1042
1041
1040
1039
910
909
1038
1167
1296
1425
1554
1683
1812
1941
1942
2072
2201
2202
2203
2204
2205
2206
2207
2208
2209
2210
2211
2212
2213
2214
2215
2086
2085
1956
1957
1828
1827
1826
1825
1824
1823
1822
1821
1820
1819
1818
1817
1816
1815
1686
1687
1688
1689
1690
1691
1692
1693
1694
1695
1696
1697
1698
1699
1700
1829
1830
1701
1702
1703
1832
1831
1960
1961
1962
2091
2090
2089
2088
1959
1958
2087
2216
2217
2218
2219
2220
2221
2222
2223
2094
1965
1964
2093
2092
1963
1834
1833
1704
1705
1706
1835
1836
1707
1708
1709
1710
1711
1712
1713
1842
1841
1970
1969
1840
1839
1838
1837
1966
1967
1968
2097
2096
2095
2224
2225
2226
2227
2098
2099
2228
2229
2230
2101
2100
1971
1972
1973
2102
2231
2232
2233
2234
2105
2104
2103
1974
1975
1976
1847
1846
1845
1844
1843
1714
1715
1716
1717
1718
1719
1848
1849
1720
1721
1850
1979
1980
2109
2108
2107
1978
1977
2106
2235
2236
2237
2238
2239
2240
2241
2112
2111
2110
1981
1982
1853
1852
1851
1722
1723
1724
1725
1854
1983
1984
1985
1986
1857
1856
1855
1726
1727
1728
1729
1730
1601
1600
1599
1470
1469
1598
1597
1596
1467
1468
1339
1210
1209
1338
1337
1208
1207
1336
1335
1206
1077
1078
1079
1080
1081
1082
1211
1340
1341
1212
1083
1084
1085
1086
1087
1088
1089
960
961
962
963
1092
1091
1090
1219
1220
1221
1350
1349
1348
1347
1218
1217
1216
1215
1344
1343
1214
1213
1342
1471
1472
1473
1602
1603
1474
1345
1346
1475
1604
1605
1476
1477
1606
1607
1478
1479
1608
1609
1610
1611
1482
1481
1480
1351
1352
1223
1222
1093
1094
965
964
835
836
837
838
839
840
841
842
843
844
845
846
847
848
849
978
977
976
975
974
1103
1104
1233
1232
1361
1362
1363
1234
1105
1106
1107
1108
979
980
981
982
983
1112
1111
1110
1109
1238
1239
1240
1369
1370
1241
1242
1371
1500
1499
1498
1497
1368
1367
1366
1237
1236
1235
1364
1365
1494
1493
1492
1491
1490
1489
1488
1487
1358
1229
1100
1101
1230
1359
1360
1231
1102
973
972
971
970
969
968
967
966
1095
1224
1353
1354
1225
1096
1097
1098
1099
1228
1357
1356
1227
1226
1355
1484
1483
1612
1613
1614
1485
1486
1615
1616
1617
1618
1619
1620
1621
1622
1623
1624
1495
1496
1625
1626
1627
1628
1629
1630
1501
1502
1631
1632
1633
1634
1505
1504
1503
1374
1245
1116
1117
1246
1375
1376
1247
1118
1119
1248
1377
1506
1635
1636
1507
1508
1637
1638
1639
1640
1641
1642
1643
1514
1515
1644
1645
1646
1647
1648
1649
1778
1779
1908
1909
1780
1781
1910
1911
1782
1783
1912
2041
2040
2039
2038
2037
2166
2165
2294
2293
2292
2291
2162
2163
2164
2035
2036
1907
1906
1777
1776
1905
2034
2033
1904
1775
1774
1903
1902
1773
1772
1901
2030
2031
2032
2161
2160
2159
2158
2029
2028
2157
2156
2027
1898
1899
1900
1771
1770
1769
1768
1897
1896
1767
1766
1895
2024
2023
2152
2153
2154
2025
2026
2155
2284
2283
2282
2281
2280
2151
2022
2021
2150
2279
2278
2277
2276
2275
2146
2147
2018
2019
2148
2149
2020
1891
1892
1893
1894
1765
1764
1763
1762
1761
1890
1889
1760
1759
1758
1757
1756
1755
1754
1753
1752
1881
1880
1751
1750
1749
1878
1879
2008
2007
2136
2137
2138
2009
2010
2011
1882
1883
1884
1885
2014
2015
1886
1887
1888
2017
2016
2145
2144
2273
2274
2403
2402
2401
2400
2399
2528
2527
2526
2525
2524
2523
2522
2521
2520
2519
2518
2517
2516
2387
2388
2389
2390
2391
2392
2393
2394
2395
2396
2397
2398
2269
2270
2271
2272
2143
2142
2013
2012
2141
2140
2139
2268
2267
2266
2265
2264
2263
2262
2261
2132
2003
2004
2133
2134
2135
2006
2005
1876
1877
1748
1747
1746
1875
1874
1745
1744
1743
1742
1741
1740
1739
1868
1867
1738
1737
1736
1735
1734
1733
1862
1861
1732
1731
1860
1989
1988
1859
1858
1987
2116
2115
2114
2113
2242
2243
2244
2245
2246
2117
2118
2247
2248
2249
2120
2119
1990
1991
1992
1863
1864
1865
1866
1995
1996
1997
2126
2127
2128
2129
2000
1999
1998
1869
1870
1871
1872
1873
2002
2001
2130
2131
2260
2259
2258
2257
2256
2255
2254
2125
2124
2123
1994
1993
2122
2121
2250
2251
2252
2253
2382
2383
2384
2385
2386
2515
2514
2513
2512
2511
2510
2381
2380
2379
2378
2377
2506
2507
2508
2509
2638
2639
2640
2641
2642
2643
2644
2645
2646
2647
2648
2649
2650
2651
2652
2781
2782
2653
2654
2655
2656
2657
2786
2785
2784
2783
2912
2913
2914
3043
3172
3301
3300
3299
3298
3427
3428
3429
3430
3559
3558
3557
3556
3555
3554
3553
3552
3551
3550
3549
3548
3419
3290
3161
3032
3031
3030
2901
2902
2903
2904
3033
3034
2905
2906
2907
2908
3037
3036
3035
3164
3293
3292
3163
3162
3291
3420
3421
3422
3423
3424
3425
3426
3297
3296
3295
3294
3165
3166
3167
3038
3039
3168
3169
3170
3171
3042
3041
3040
2911
2910
2909
2780
2779
2778
2777
2776
2775
2774
2773
2772
2771
2900
2899
2770
2769
2768
2767
2766
2637
2636
2635
2634
2633
2632
2631
2630
2629
2628
2627
2626
2625
2624
2753
2754
2755
2756
2757
2758
2759
2760
2761
2762
2763
2764
2765
2894
2893
2892
3021
3020
2891
2890
3019
3148
3147
3146
3145
3016
3017
3018
2889
2888
2887
2886
3015
3014
2885
2884
2883
2882
3011
3012
3013
3142
3141
3140
3269
3270
3271
3400
3399
3398
3397
3396
3395
3394
3393
3522
3523
3524
3525
3526
3527
3528
3529
3530
3659
3660
3531
3532
3403
3402
3401
3272
3143
3144
3273
3274
3275
3276
3277
3278
3149
3150
3279
3280
3281
3152
3151
3022
3023
3024
2895
2896
2897
2898
3027
3028
3029
3158
3157
3156
3155
3026
3025
3154
3153
3282
3411
3410
3409
3408
3407
3406
3405
3404
3533
3534
3535
3536
3537
3538
3539
3540
3541
3542
3413
3412
3283
3284
3285
3286
3287
3288
3159
3160
3289
3418
3417
3416
3415
3414
3543
3544
3545
3546
3547
3676
3805
3804
3675
3674
3803
3802
3673
3672
3671
3670
3669
3668
3667
3666
3665
3664
3663
3662
3661
3790
3791
3792
3793
3794
3795
3796
3797
3798
3799
3800
3801
3930
3929
3928
3927
3926
4055
4054
3925
3924
3923
3922
4051
4052
4053
4182
4181
4180
4179
4178
4049
4050
3921
3920
3919
4048
4047
4046
4045
4044
4173
4174
4175
4176
4177
4306
4305
4304
4303
4302
4301
4300
4299
4170
4041
4042
4171
4172
4043
3914
3913
3912
3911
3910
3909
3908
3907
3906
3905
4034
4035
4036
4165
4166
4037
4038
4039
4040
4169
4168
4167
4296
4425
4426
4297
4298
4427
4428
4429
4430
4431
4432
4433
4434
4435
4436
4307
4308
4437
4438
4309
4310
4311
4312
4183
4184
4313
4314
4315
4316
4317
4318
4189
4188
4187
4186
4185
4056
4057
4058
4059
4060
3931
3932
4061
4190
4191
4192
4063
4062
3933
3934
3935
4064
4193
4194
4195
4066
4065
3936
3937
3808
3807
3806
3677
3678
3679
3680
3809
3810
3681
3682
3683
3812
3811
3940
3939
3938
4067
4068
4069
4198
4197
4196
4325
4326
4327
4456
4455
4454
4453
4324
4323
4452
4451
4322
4321
4450
4449
4320
4319
4448
4447
4446
4445
4444
4443
4442
4441
4440
4439
4568
4567
4696
4697
4698
4569
4570
4699
4700
4571
4572
4573
4574
4575
4576
4577
4706
4705
4704
4833
4962
5091
5220
5219
5348
5347
5346
5475
5476
5605
5734
5863
5864
5735
5606
5477
5349
5221
5222
5352
5482
5611
5740
5869
5998
5997
5868
5739
5610
5481
5351
5350
5478
5607
5736
5865
5994
6123
6252
6381
6380
6251
6122
5993
5992
5991
5990
5989
5988
6117
6116
5987
5986
5985
5984
6113
6114
6115
6244
6243
6242
6371
6372
6373
6502
6503
6504
6375
6374
6245
6246
6247
6118
6119
6248
6377
6376
6505
6634
6633
6632
6631
6630
6501
6500
6629
6628
6499
6370
6369
6368
6239
6240
6241
6112
5983
5982
6111
6110
5981
5980
5979
5978
6107
6108
6109
6238
6237
6236
6365
6366
6367
6496
6497
6498
6627
6626
6625
6624
6495
6494
6623
6622
6621
6620
6619
6618
6489
6360
6361
6490
6491
6492
6493
6364
6363
6362
6233
6232
6231
6102
6103
6104
6105
6234
6235
6106
5977
5976
5975
5974
5973
5972
6101
6100
5971
5970
5969
5968
6097
6098
6099
6228
6229
6230
6359
6358
6357
6486
6487
6488
6617
6616
6615
6614
6485
6356
6227
6226
6355
6354
6483
6484
6613
6612
6611
6482
6481
6480
6351
6350
6479
6478
6477
6348
6349
6220
6221
6092
6093
6222
6223
6352
6353
6224
6225
6096
5967
5966
6095
6094
5965
5964
5963
5962
6091
6090
6219
6218
6089
6088
5959
5958
5957
5956
6085
6084
5955
5954
6083
6212
6213
6342
6343
6214
6215
6086
6087
6216
6217
6346
6347
6476
6475
6604
6605
6606
6607
6608
6609
6610
6739
6740
6741
6870
6869
6868
6867
6738
6737
6866
6865
6736
6735
6734
6733
6862
6861
6732
6731
6860
6859
6730
6729
6728
6727
6726
6597
6596
6467
6466
6465
6594
6595
6724
6725
6854
6983
6984
6855
6856
6985
6986
6857
6858
6987
6988
6989
6990
6991
6992
6863
6864
6993
6994
6995
6996
6997
6998
6999
7000
7001
6872
6871
6742
6743
6744
6745
6746
6747
6748
6749
6750
6751
6880
6879
6878
6877
6876
6875
6874
6873
7002
7003
7004
7005
7006
7007
7008
7009
7010
7011
6882
6881
6752
6753
6754
6755
6756
6885
6884
6883
7012
7013
7014
7015
6886
6757
6758
6759
6760
6889
6888
6887
7016
7017
7018
7019
7020
6891
6890
6761
6762
6763
6764
6893
6892
7021
7022
7023
6894
6895
7024
7025
6896
6767
6766
6765
6636
6635
6506
6507
6378
6249
6120
6121
6250
6379
6508
6637
6638
6509
6510
6639
6768
6897
7026
7155
7156
7027
6898
6769
6640
6511
6382
6253
6124
5995
5866
5737
5608
5479
5480
5609
5738
5867
5996
6125
6254
6383
6512
6513
6384
6255
6126
6127
6128
6257
6256
6385
6386
6387
6258
6259
6131
6002
5873
6001
6130
6129
6000
5872
5874
6003
6132
6260
6388
6516
6645
6774
6903
6902
6773
6644
6515
6514
6643
6772
6901
7030
7031
7032
7159
7158
7029
6900
6771
6642
6641
6770
6899
7028
7157
7286
7287
7288
7161
7160
7033
6904
6775
6646
6517
6389
6261
6390
6391
6520
6649
6650
6521
6522
6651
6652
6523
6394
6265
6264
6393
6392
6263
6262
6133
6004
5875
5745
5743
5744
5871
5999
5870
5741
5742
5613
5612
5483
5484
5355
5356
5485
5614
5615
5616
5487
5486
5357
5358
5359
5488
5489
5618
5617
5746
5747
5876
6005
6134
6135
6136
6007
6006
5877
5878
5749
5748
5619
5620
5621
5622
5493
5492
5363
5362
5491
5490
5361
5360
5231
5230
5229
5228
5227
5226
5225
5354
5353
5224
5223
5094
5093
5092
4963
4834
4835
4964
4965
4966
5095
5096
5097
5098
5099
5100
5101
5102
5103
5232
5233
5104
4975
4974
4973
4972
4971
4842
4843
4714
4713
4712
4841
4970
4969
4968
4967
4838
4709
4708
4837
4836
4707
4578
4579
4580
4581
4710
4839
4840
4711
4582
4583
4584
4585
4586
4587
4716
4715
4844
4845
4846
4717
4588
4589
4590
4591
4592
4721
4720
4848
4719
4718
4847
4976
5105
5234
5235
5364
5365
5494
5623
5752
5881
6010
6139
6140
6141
6012
6011
5882
5753
5624
5495
5366
5367
5238
5239
5240
5111
5110
4981
4979
4980
5109
5108
5237
5236
5107
5106
4977
4978
4849
4850
4851
4722
4593
4594
4723
4852
4853
4982
4983
4854
4855
4726
4727
4598
4597
4596
4725
4724
4595
4466
4465
4336
4335
4464
4463
4334
4333
4462
4461
4460
4459
4458
4457
4328
4329
4330
4331
4332
4203
4202
4201
4072
4071
4200
4199
4070
3941
3942
3943
3944
4073
4074
3945
3946
3817
3816
3815
3814
3813
3684
3685
3686
3687
3688
3689
3690
3561
3560
3431
3302
3173
3044
2915
2916
2787
2788
2789
2790
2791
2662
2661
2660
2659
2658
2529
2530
2531
2532
2533
2404
2405
2534
2663
2664
2665
2794
2793
2792
2921
3050
3179
3308
3437
3436
3435
3434
3305
3176
3047
3048
3177
3306
3307
3178
3049
2920
2919
2918
2917
3046
3045
3174
3175
3304
3303
3432
3433
3562
3691
3692
3563
3564
3693
3565
3694
3823
3824
3825
3696
3695
3566
3567
3438
3309
3180
3051
2922
2923
3052
3181
3310
3439
3568
3697
3826
3955
3954
4084
4214
4215
4086
4085
3956
3957
3828
3827
3698
3569
3440
3311
3182
3053
2924
2925
2796
2795
2666
2667
2538
2537
2536
2535
2406
2407
2408
2409
2410
2539
2540
2411
2412
2541
2670
2671
2542
2413
2414
2285
2286
2287
2288
2289
2290
2419
2420
2421
2422
2551
2550
2549
2548
2677
2678
2679
2680
2809
2808
2937
3066
3065
3194
3193
3323
3195
3067
2939
3068
3197
3196
3325
3326
3455
3456
3327
3328
3457
3586
3587
3458
3329
3200
3199
3198
3069
2940
2811
2812
2683
2684
2813
2942
2941
3070
3071
3072
2943
2814
2685
2556
2557
2686
2687
2688
2689
2560
2559
2558
2429
2430
2561
2692
2823
2953
3083
3082
3211
3210
3339
3340
3341
3212
3213
3342
3343
3472
3473
3602
3603
3733
3863
3992
4120
4248
4119
4118
4117
3988
3987
4116
4115
4244
4243
4372
4371
4500
4499
4628
4627
4757
4887
5017
4888
4759
4758
4629
4630
4501
4502
4373
4374
4245
4246
4247
4376
4375
4504
4503
4632
4631
4760
4889
4761
4633
4505
4377
4249
4121
4250
4379
4378
4507
4506
4635
4634
4763
4764
4765
4636
4637
4508
4509
4638
4639
4768
4897
4896
4767
4766
4895
4894
4893
4892
5021
5022
5023
5024
5025
5154
5153
5152
5151
5150
5279
5280
5409
5538
5539
5410
5281
5282
5411
5540
5541
5412
5283
5284
5413
5542
5543
5544
5545
5416
5287
5286
5415
5414
5285
5156
5155
5026
5027
4898
4899
5028
5157
5158
5029
4900
4771
4642
4641
4770
4769
4640
4511
4510
4381
4380
4251
4252
4253
4382
4383
4512
4513
4384
4255
4254
4125
4126
3997
3996
3867
3868
3739
3738
3737
3866
3865
3994
3995
4124
4123
4122
3993
3864
3735
3736
3607
3608
3609
3610
3481
3480
3479
3478
3477
3606
3605
3734
3604
3474
3344
3214
3084
2954
2824
2825
2696
2697
2826
2955
2956
3085
3086
3215
3216
3345
3346
3475
3476
3347
3348
3219
3090
3089
3218
3217
3088
3087
2958
2957
2828
2827
2698
2699
2570
2569
2568
2567
2566
2695
2694
2565
2564
2563
2693
2562
2431
2300
2301
2432
2433
2434
2435
2436
2437
2438
2439
2440
2441
2312
2313
2184
2183
2182
2311
2310
2309
2308
2307
2306
2177
2048
2049
2178
2179
2050
2051
2180
2181
2052
2053
2054
2055
1926
1927
1928
1929
1930
2059
2058
2057
2056
2185
2186
2187
2188
2317
2316
2315
2314
2443
2442
2571
2572
2573
2444
2445
2574
2703
2704
2833
2832
2831
2702
2701
2700
2829
2830
2959
2960
2961
2962
3091
3092
3221
3220
3349
3350
3351
3352
3223
3222
3093
3094
2965
2964
2963
2834
2835
2836
2707
2706
2705
2576
2575
2446
2447
2448
2577
2578
2449
2320
2319
2318
2189
2060
2061
2190
2191
2062
1933
1804
1803
1932
1931
1802
1801
1800
1799
1798
1797
1796
1925
1924
1795
1794
1923
1922
1793
1792
1921
1920
1791
1790
1919
1918
1789
1788
1917
2046
2047
2176
2305
2304
2175
2174
2303
2302
2173
2044
2045
1916
1787
1786
1915
1914
1785
1784
1913
2042
2043
2172
2171
2170
2169
2168
2167
2296
2295
2424
2423
2552
2681
2553
2425
2297
2299
2298
2428
2427
2426
2555
2554
2682
2810
2938
2936
2807
2806
2805
2676
2547
2418
2417
2416
2415
2544
2543
2672
2801
2800
2930
2931
2932
2803
2802
2673
2674
2545
2546
2675
2804
2933
2934
2935
3064
3063
3192
3191
3062
3061
3190
3319
3320
3321
3322
3451
3450
3579
3578
3449
3448
3577
3447
3318
3189
3060
3059
3058
2929
2928
2799
2798
2669
2668
2797
2926
2927
3056
3057
3186
3185
3184
3055
3054
3183
3312
3313
3314
3315
3316
3187
3188
3317
3446
3445
3444
3443
3442
3441
3570
3699
3829
3959
4089
3960
3830
3831
3702
3701
3700
3571
3572
3573
3574
3703
3704
3705
3834
3963
3962
3833
3832
3961
4090
4091
4092
4093
4094
4223
4224
4095
4096
3967
3966
3965
3964
3835
3836
3837
3706
3575
3576
3707
3708
3580
3452
3324
3453
3454
3583
3584
3585
3714
3715
3716
3845
3846
3975
3976
3977
4106
4107
4108
3979
3978
3849
3850
3721
3722
3593
3592
3463
3464
3335
3334
3333
3204
3203
3332
3331
3460
3589
3590
3461
3462
3591
3720
3719
3848
3847
3718
3717
3588
3459
3330
3201
3202
3073
3074
2945
2944
2815
2816
2817
2818
2947
2946
3075
3076
3205
3206
3077
3078
3207
3336
3465
3594
3723
3724
3725
3854
3853
3982
3981
3852
3851
3980
4109
4110
4239
4240
4111
4112
3983
3984
3855
3856
3727
3726
3597
3596
3595
3466
3337
3208
3079
2950
2949
2948
2819
2690
2691
2820
2821
2822
2951
2952
3081
3080
3209
3338
3467
3468
3469
3598
3599
3470
3471
3600
3601
3730
3731
3732
3861
3862
3991
3990
3989
3860
3859
3858
3729
3728
3857
3986
3985
4114
4113
4242
4241
4370
4369
4498
4497
4368
4367
4238
4237
4236
4366
4496
4626
4756
4886
4885
5014
5015
5016
5145
5144
5273
5143
5013
4883
4884
4755
4625
4754
4753
4624
4495
4494
4623
4622
4752
4882
5012
5142
5272
5402
5401
5530
5529
5400
5271
5270
5141
5140
5011
5010
4881
4880
5009
5008
5007
4878
4879
4750
4751
4621
4491
4361
4362
4233
4234
4363
4492
4493
4364
4365
4235
4105
3974
4104
4103
4232
4231
4102
3973
3972
4101
4100
3971
3970
3841
3842
3843
3844
3713
3582
3581
3712
3711
3840
3839
3710
3709
3838
3969
3968
4099
4230
4360
4229
4228
4227
4098
4097
4226
4225
4354
4355
4356
4485
4486
4357
4358
4359
4488
4487
4616
4617
4746
4747
4618
4489
4490
4619
4620
4749
4748
4877
4876
5006
5136
5266
5396
5395
5524
5523
5652
5651
5780
5779
5650
5521
5522
5393
5394
5265
5264
5135
5134
5133
5132
5261
5262
5263
5392
5391
5520
5519
5390
5389
5260
5259
5258
5257
5386
5385
5514
5643
5644
5515
5516
5387
5388
5517
5518
5647
5648
5649
5778
5777
5906
6035
6036
5907
5908
6037
6038
5909
5910
5781
5782
5653
5654
5525
5526
5655
5656
5785
5786
5915
5916
6045
6044
6043
5914
5913
5784
5783
5912
5911
6040
6039
6168
6167
6296
6295
6166
6165
6164
6163
6034
6033
5904
5905
5776
5775
5646
5645
5774
5773
5902
5903
6032
6031
6160
6159
6158
6157
6286
6287
6288
6417
6418
6289
6290
6161
6162
6291
6292
6421
6422
6293
6294
6423
6424
6425
6554
6555
6684
6685
6814
6943
7072
7201
7200
7329
7330
7459
7458
7587
7586
7585
7584
7713
7712
7841
7840
7969
8098
8099
7970
7971
7842
7843
7714
7715
7716
7717
7588
7589
7460
7331
7202
7073
7074
7203
7332
7461
7462
7591
7590
7719
7718
7847
7848
7977
7976
8105
8104
8233
8232
8359
8360
8361
8234
8235
8106
8107
7978
7979
7850
7849
7720
7721
7722
7851
7980
7981
7852
7723
7594
7465
7336
7335
7464
7593
7592
7463
7334
7333
7204
7075
6946
6947
6948
7077
7076
7205
7206
7207
7078
6949
6820
6819
6690
6691
6562
6561
6560
6689
6818
6817
6688
6687
6816
6945
6944
6815
6686
6557
6556
6427
6426
6297
6298
6169
6170
6041
6042
6171
6300
6299
6428
6429
6558
6559
6430
6301
6172
6173
6174
6303
6302
6431
6432
6433
6304
6175
6046
5917
5787
5657
5527
5397
5267
5137
5138
5139
5268
5269
5398
5399
5528
5658
5788
5659
5660
5531
5532
5661
5790
5789
5918
6047
6177
6178
6049
6048
5919
5920
5791
5662
5792
5921
5922
6051
6050
6179
6180
6181
6052
5923
5793
5663
5533
5403
5274
5146
5018
4890
4762
4891
5019
5020
5149
5148
5147
5276
5275
5404
5405
5534
5664
5794
5665
5536
5535
5406
5277
5278
5407
5408
5537
5666
5795
5924
5925
5796
5667
5668
5797
5926
5927
5928
5929
5800
5799
5798
5669
5670
5671
5672
5801
5802
5673
5674
5803
5932
5931
5930
6059
6060
6061
6190
6189
6188
6317
6318
6319
6448
6447
6446
6445
6316
6315
6314
6185
6186
6187
6058
6057
6056
6055
6184
6183
6054
6053
6182
6310
6309
6308
6307
6176
6306
6305
6434
6563
6692
6821
6950
7079
7208
7337
7466
7467
7596
7595
7724
7725
7726
7597
7598
7599
7600
7471
7470
7469
7468
7339
7338
7209
7210
7081
7080
6951
6822
6693
6564
6435
6436
6437
6438
6439
6440
6311
6312
6313
6442
6441
6570
6571
6572
6443
6444
6573
6574
6575
6576
6577
6706
6705
6704
6703
6702
6701
6700
6699
6698
6569
6568
6567
6566
6565
6694
6695
6696
6697
6826
6825
6824
6823
6952
6953
7082
7083
6954
6955
7084
7085
6956
6827
6828
6829
6830
6959
6958
6957
7086
7087
7088
7089
6960
6831
6832
6961
7090
7091
7092
6963
6962
6833
6834
6835
6964
7093
7222
7221
7220
7219
7218
7217
7216
7215
7214
7213
7212
7211
7340
7341
7342
7343
7344
7345
7346
7347
7348
7349
7350
7351
7480
7479
7478
7607
7608
7609
7738
7737
7736
7735
7606
7477
7476
7605
7604
7475
7474
7473
7472
7601
7602
7603
7732
7731
7730
7729
7728
7727
7856
7855
7854
7853
7982
7983
7984
7985
7986
7857
7858
7859
7860
7861
7862
7733
7734
7863
7864
7865
7866
7867
7996
7995
7994
7993
7992
7991
7990
7989
7988
7987
8116
8115
8114
8113
8112
8111
8110
8239
8240
8367
8366
8365
8238
8109
8108
8237
8364
8363
8236
8362
8488
8487
8486
8613
8612
8485
8358
8357
8230
8231
8102
8103
7974
7975
7846
7845
7844
7973
7972
8101
8100
8229
8228
8227
8354
8353
8226
8225
8096
8097
7968
7967
7838
7839
7710
7711
7582
7583
7454
7455
7456
7457
7328
7327
7325
7195
7326
7199
7071
6942
6813
6683
6681
6682
6809
6810
6938
7067
7196
7197
7198
7069
7070
6941
6812
6811
6940
6939
7068
7066
6937
6808
6680
6553
6552
6551
6550
6679
6678
6549
6420
6419
6548
6547
6676
6677
6806
6807
6936
7065
7194
7323
7324
7453
7452
7581
7580
7709
7708
7837
7836
7965
7966
8095
8094
8093
7964
7963
8092
8091
8220
8219
8090
8089
7960
7959
8088
8087
8216
8215
8342
8341
8214
8085
8086
7957
7958
7829
7830
7831
7832
7961
7962
7833
7834
7835
7706
7707
7578
7579
7450
7451
7322
7321
7320
7449
7448
7319
7318
7317
7188
7189
7190
7191
7062
7063
7192
7193
7064
6935
6934
6805
6804
6933
6932
7061
7060
7059
6931
6803
6675
6546
6416
6415
6414
6413
6542
6671
6672
6543
6544
6545
6674
6673
6802
6801
6800
6929
6930
7058
7057
6928
6799
6670
6541
6412
6284
6285
6156
6155
6154
6283
6282
6411
6540
6669
6798
6927
6926
7055
7056
7185
7186
7187
7316
7315
7184
7314
7441
7311
7181
7054
7052
6923
6924
7053
7182
7183
7312
7313
7442
7443
7574
7576
7575
7573
7444
7572
7445
7446
7447
7577
7705
7704
7703
7702
7571
7701
7700
7699
7828
7827
7956
7955
7954
8083
8084
8213
8340
8339
8212
8211
8082
8081
8080
7951
7950
8079
8078
7949
7820
7821
7822
7693
7694
7823
7952
7953
7824
7825
7826
7697
7698
7569
7570
7440
7310
7439
7568
7567
7696
7695
7566
7565
7564
7435
7436
7307
7308
7437
7438
7309
7180
7051
6922
6794
6795
6925
6796
6797
6668
6667
6666
6665
6664
6793
6792
6921
7050
7179
7178
7177
7306
7305
7176
7175
7046
6917
6788
6789
6660
6661
6790
6919
6918
7047
7048
7049
6920
6791
6662
6663
6534
6533
6404
6405
6276
6277
6406
6535
6536
6537
6408
6407
6278
6279
6280
6409
6538
6539
6410
6281
6152
6153
6024
6023
5894
6022
6151
6150
6149
6148
6147
6018
6017
5888
5759
5630
5501
5372
5371
5242
5243
5114
5115
5244
5373
5502
5631
5760
5889
6019
6021
6020
5893
5765
5636
5507
5377
5376
5505
5504
5506
5635
5764
5892
5891
5890
5761
5762
5763
5634
5633
5632
5503
5375
5374
5247
5248
5378
5508
5637
5766
5895
5896
6025
6026
5897
5898
6027
6028
5899
5900
6029
6030
5901
5772
5771
5642
5641
5770
5769
5640
5639
5768
5767
5638
5509
5510
5381
5252
5253
5382
5511
5512
5513
5384
5383
5254
5255
5256
5127
4998
4997
5126
5125
5124
5123
5122
5251
5380
5379
5250
5249
5120
5121
4992
4993
4994
4865
4866
4995
4996
4867
4738
4737
4736
4607
4608
4609
4610
4739
4868
4869
4740
4741
4870
4871
4872
5001
5000
4999
5128
5129
5130
5131
5002
4873
4874
5003
5004
5005
4875
4744
4743
4742
4613
4612
4611
4482
4481
4480
4351
4352
4483
4614
4745
4615
4484
4353
4222
4221
4220
4219
4218
4088
3958
4087
4216
4217
4346
4345
4344
4343
4342
4213
4083
3953
3952
4081
4082
4211
4212
4341
4340
4339
4210
4209
4080
4079
4078
4077
3948
3949
3950
3951
3822
3821
3820
3819
3818
3947
4076
4075
4204
4205
4206
4207
4208
4337
4338
4467
4468
4469
4470
4471
4600
4599
4728
4729
4858
4859
4988
4989
4860
4861
4732
4603
4602
4731
4730
4601
4472
4473
4474
4475
4604
4605
4476
4347
4348
4349
4350
4479
4478
4477
4606
4735
4864
4863
4734
4733
4862
4991
4990
5119
5118
5117
5246
5245
5116
4987
4986
4857
4856
4985
4984
5113
5112
5241
5370
5369
5368
5497
5496
5625
5626
5627
5498
5499
5500
5629
5628
5757
5758
5887
5886
5885
5756
5755
5754
5883
5884
6013
6014
6015
6016
6145
6146
6275
6274
6403
6532
6531
6402
6273
6144
6143
6142
6271
6272
6401
6400
6399
6270
6269
6268
6397
6398
6527
6526
6655
6784
6783
6654
6525
6396
6267
6138
6009
5880
5751
5750
5879
6008
6137
6266
6395
6524
6653
6782
6781
6780
6779
6778
6777
6648
6519
6518
6647
6776
6905
6906
6907
6908
6909
6910
6911
6912
7041
7170
7169
7040
7039
7038
7037
7036
7035
7034
7163
7162
7291
7292
7421
7422
7551
7552
7681
7682
7811
7940
7939
7810
7809
7680
7679
7550
7549
7420
7419
7290
7289
7418
7417
7416
7415
7544
7673
7674
7545
7546
7675
7676
7547
7548
7677
7678
7807
7808
7937
7938
8067
8196
8197
8068
8069
8070
7941
7812
7683
7684
7813
7814
7685
7556
7555
7426
7425
7554
7553
7424
7423
7294
7293
7164
7165
7166
7295
7296
7167
7168
7297
7298
7427
7428
7299
7300
7171
7042
6913
6914
6785
6656
6657
6528
6529
6530
6659
6658
6787
6786
6915
6916
7045
7174
7173
7044
7043
7172
7301
7302
7431
7432
7303
7304
7433
7434
7563
7692
7691
7562
7561
7560
7559
7430
7429
7558
7557
7686
7815
7816
7687
7688
7817
7818
7689
7690
7819
7948
8077
8206
8205
8076
7947
7946
8075
8074
7945
7944
8073
8072
7943
7942
8071
8200
8201
8328
8455
8456
8329
8202
8203
8204
8331
8330
8457
8584
8711
8710
8583
8582
8709
8708
8835
8834
8707
8706
8833
8832
8705
8578
8579
8452
8453
8580
8581
8454
8327
8326
8199
8198
8325
8324
8451
8450
8323
8322
8449
8576
8577
8704
8703
8702
8701
8828
8829
8956
8957
8830
8831
8958
8959
8960
8961
8962
9089
9088
9215
9214
9087
9086
9085
9084
9211
9210
9083
9082
8955
8954
8953
8952
8951
8824
8825
8826
8827
8700
8573
8446
8445
8572
8699
8698
8697
8696
8823
8822
8821
8948
9075
9074
9073
9200
9327
9326
9453
9454
9581
9580
9579
9452
9325
9198
9199
9072
9071
8944
8817
8818
8945
8946
8947
8820
8819
8692
8565
8564
8691
8690
8563
8436
8309
8182
8053
8052
8051
8050
8049
8048
8047
8046
8045
8044
8173
8172
8043
8042
8041
8170
8171
8298
8299
8426
8425
8424
8297
8296
8295
8168
8169
8040
8039
8038
8167
8166
8037
8036
8035
8034
8033
8032
7903
7902
7901
7900
7899
7898
7897
7896
7895
7894
7893
7892
7891
7890
7889
7888
7759
7760
7761
7762
7763
7634
7635
7764
7765
7766
7767
7768
7769
7640
7641
7770
7771
7772
7643
7642
7513
7514
7515
7516
7517
7646
7645
7644
7773
7774
7775
7904
7905
7906
7907
7908
7909
7910
7911
7912
7913
7914
7915
7916
7917
7918
7919
7790
7791
7920
7921
7922
7923
7924
7795
7794
7793
7792
7663
7664
7665
7666
7667
7796
7925
8054
8183
8310
8437
8438
8439
8312
8311
8184
8185
8186
8187
8188
8315
8316
8443
8442
8441
8314
8313
8440
8567
8566
8693
8694
8695
8568
8569
8570
8571
8444
8317
8318
8319
8320
8447
8574
8575
8448
8321
8194
8195
8066
8065
7936
7935
7806
7805
7934
8063
8064
8193
8192
8191
8062
8061
8190
8189
8060
8059
7930
7931
7932
7933
7804
7803
7802
7801
7672
7543
7542
7671
7670
7798
7927
7928
7799
7800
7929
8058
8057
8056
8055
7926
7797
7668
7669
7540
7541
7412
7413
7414
7285
7284
7283
7154
7153
7152
7151
7150
7149
7148
7147
7146
7145
7144
7143
7142
7141
7140
7139
7138
7137
7136
7135
7134
7133
7132
7131
7130
7129
7128
7127
7126
7125
7124
7123
7122
7121
7120
7119
7118
7117
7116
7115
7114
7113
7112
7111
7240
7369
7370
7241
7242
7243
7244
7245
7246
7247
7248
7249
7250
7251
7252
7253
7254
7255
7256
7257
7258
7259
7260
7261
7262
7263
7264
7265
7266
7267
7268
7269
7270
7271
7272
7273
7274
7275
7276
7277
7278
7279
7280
7281
7282
7411
7410
7539
7538
7409
7408
7537
7536
7407
7406
7535
7534
7405
7404
7403
7402
7401
7400
7529
7658
7659
7530
7531
7532
7533
7662
7661
7660
7789
7788
7787
7786
7657
7656
7785
7784
7783
7782
7653
7654
7655
7526
7527
7528
7399
7398
7397
7396
7525
7524
7395
7394
7523
7652
7781
7780
7651
7650
7779
7778
7777
7776
7647
7648
7649
7520
7521
7522
7393
7392
7391
7390
7519
7518
7389
7388
7387
7386
7385
7384
7383
7512
7511
7382
7381
7380
7509
7510
7639
7638
7637
7636
7507
7508
7379
7378
7377
7506
7505
7376
7375
7374
7373
7372
7371
7500
7501
7502
7503
7504
7633
7632
7631
7630
7629
7758
7887
8016
8145
8015
7886
7757
7628
7499
7498
7627
7756
7626
7497
7368
7239
7110
6981
6982
6853
6852
6723
6722
6851
6980
7109
7238
7367
7496
7625
7754
7883
8012
8011
7882
7753
7624
7495
7366
7237
7108
6979
6850
6721
6592
6593
6464
6463
6334
6205
6076
5947
5948
5949
5950
6079
6078
6077
6206
6335
6336
6207
6208
6337
6338
6339
6468
6469
6598
6599
6600
6601
6602
6603
6474
6345
6344
6473
6472
6471
6470
6341
6340
6211
6210
6209
6080
5951
5952
6081
6082
5953
5824
5825
5826
5827
5828
5829
5830
5831
5960
5961
5832
5833
5834
5835
5836
5837
5838
5839
5840
5841
5842
5843
5844
5845
5846
5847
5848
5849
5850
5851
5852
5853
5854
5855
5856
5857
5858
5859
5860
5861
5862
5733
5604
5603
5732
5731
5730
5729
5728
5727
5598
5597
5726
5725
5724
5595
5596
5467
5338
5337
5466
5465
5336
5335
5334
5333
5462
5463
5464
5593
5594
5723
5722
5721
5592
5591
5720
5719
5718
5717
5716
5587
5588
5589
5590
5461
5460
5459
5330
5329
5458
5457
5328
5327
5456
5455
5326
5325
5454
5583
5584
5585
5586
5715
5714
5713
5712
5711
5582
5581
5710
5709
5580
5451
5322
5321
5450
5449
5320
5191
5192
5193
5194
5323
5452
5453
5324
5195
5196
5197
5198
5199
5200
5201
5202
5331
5332
5203
5204
5205
5206
5207
5208
5209
5210
5339
5468
5469
5340
5211
5212
5213
5214
5215
5344
5343
5472
5471
5342
5341
5470
5599
5600
5601
5602
5473
5474
5345
5216
5217
5218
5089
5090
4961
4960
4831
4832
4703
4702
4701
4830
4959
5088
5087
5086
4957
4958
4829
4828
4827
4826
4825
4824
4823
4822
4951
4952
4953
4954
4955
4956
5085
5084
5083
5082
5081
5080
5079
5078
4949
4950
4821
4820
4691
4692
4693
4694
4695
4566
4565
4564
4563
4562
4561
4560
4559
4558
4687
4686
4557
4556
4685
4814
4813
4812
4683
4684
4555
4554
4553
4682
4681
4552
4551
4550
4679
4680
4809
4938
4939
4810
4811
4940
4941
4942
4943
4944
4815
4816
4817
4688
4689
4690
4819
4818
4947
4948
5077
5076
5075
4946
4945
5074
5073
5072
5071
5070
5069
5068
5067
5066
5065
4936
4937
4808
4807
4806
4677
4678
4549
4548
4547
4546
4545
4544
4543
4542
4541
4670
4671
4672
4673
4674
4675
4676
4805
4804
4933
4934
4935
5064
5063
5062
5061
5060
4931
4932
4803
4802
4801
4800
4799
4928
4929
4930
5059
5058
5057
5056
5055
5054
5053
5052
4923
4794
4795
4924
4925
4796
4797
4926
4927
4798
4669
4540
4539
4668
4667
4538
4537
4666
4665
4536
4535
4534
4663
4664
4793
4792
4791
4662
4533
4532
4661
4660
4531
4402
4273
4144
4015
4016
4017
3888
3889
3890
4019
4018
4147
4146
4145
4274
4403
4404
4275
4276
4405
4406
4407
4408
4409
4410
4281
4282
4411
4412
4283
4284
4413
4414
4285
4286
4415
4416
4417
4418
4289
4288
4287
4158
4157
4156
4155
4154
4153
4152
4151
4280
4279
4278
4277
4148
4149
4150
4021
4020
3891
3892
3893
4022
4023
3894
3895
4024
4025
3896
3897
4026
4027
3898
3899
4028
4029
3900
3901
3902
4031
4030
4159
4160
4161
4290
4419
4420
4291
4292
4421
4422
4423
4424
4295
4294
4293
4164
4163
4162
4033
4032
3903
3904
3775
3774
3773
3772
3771
3770
3769
3768
3767
3766
3765
3764
3635
3636
3637
3638
3639
3640
3641
3642
3643
3644
3645
3646
3647
3776
3777
3648
3649
3778
3779
3780
3781
3782
3783
3784
3785
3786
3915
3916
3917
3918
3789
3788
3787
3658
3657
3656
3655
3654
3653
3652
3651
3650
3521
3520
3519
3518
3517
3516
3515
3514
3513
3512
3511
3510
3509
3508
3507
3506
3505
3504
3503
3502
3373
3374
3375
3376
3377
3378
3379
3380
3381
3252
3251
3122
3121
3250
3249
3248
3247
3246
3117
3118
3119
3120
2991
2992
2993
2994
3123
3124
3253
3382
3383
3384
3385
3386
3387
3388
3389
3390
3391
3392
3263
3264
3265
3266
3137
3138
3267
3268
3139
3010
3009
3008
2879
2878
2877
2876
2875
3004
3005
3006
3007
3136
3135
3134
3133
3262
3261
3260
3259
3130
3131
3132
3003
3002
3001
2872
2873
2874
2745
2746
2747
2748
2749
2750
2751
2880
2881
2752
2623
2622
2621
2620
2619
2618
2617
2616
2615
2744
2743
2614
2613
2612
2611
2740
2741
2742
2871
2870
2869
2998
2999
3000
3129
3258
3257
3128
3127
3256
3255
3254
3125
3126
2997
2996
2995
2866
2865
2864
2863
2862
2733
2604
2605
2734
2735
2736
2737
2738
2867
2868
2739
2610
2609
2608
2607
2606
2477
2478
2479
2480
2481
2482
2483
2484
2485
2486
2487
2488
2489
2490
2491
2492
2493
2494
2495
2496
2497
2498
2499
2500
2501
2502
2503
2504
2505
2376
2375
2374
2373
2372
2371
2370
2369
2368
2367
2366
2365
2364
2363
2362
2361
2360
2359
2358
2357
2356
2355
2354
2353
2352
2351
2350
2349
2348
2347
2476
2475
2346
2345
2474
2603
2732
2861
2990
2989
2860
2731
2602
2473
2344
2343
2342
2341
2340
2339
2338
2337
2336
2335
2334
2333
2332
2331
2330
2329
2200
2071
2070
2069
2068
2197
2198
2199
2328
2457
2458
2459
2460
2461
2462
2463
2464
2465
2466
2467
2468
2469
2470
2471
2472
2601
2730
2859
2988
3116
3245
3244
3372
3501
3500
3629
3630
3631
3632
3633
3634
3763
3762
3761
3760
3759
3758
3887
3886
3757
3628
3756
3885
4014
4143
4272
4401
4530
4659
4788
4917
5046
5175
5304
5433
5562
5691
5692
5563
5434
5435
5436
5437
5308
5307
5306
5305
5176
5047
4918
4789
4790
4919
4920
4921
4922
5051
5050
5049
5048
5177
5178
5179
5180
5181
5182
5183
5184
5185
5186
5315
5316
5187
5188
5189
5190
5319
5448
5447
5318
5317
5446
5445
5444
5443
5314
5313
5442
5441
5312
5311
5440
5439
5310
5309
5438
5567
5568
5569
5570
5571
5572
5573
5574
5575
5576
5577
5578
5579
5708
5707
5706
5705
5704
5703
5702
5701
5700
5699
5698
5697
5696
5695
5566
5565
5564
5693
5694
5823
5822
5821
5820
5819
5818
5817
5946
6075
6204
6333
6462
6591
6720
6849
6978
7107
7236
7365
7364
7235
7106
6977
6848
6719
6590
6461
6332
6203
6074
5945
5816
5687
5688
5689
5690
5561
5560
5559
5558
5557
5686
5815
5944
6073
6202
6331
6460
6589
6718
6847
6976
7105
7234
7363
7492
7621
7750
7879
8008
8137
8264
8265
8138
8009
7880
7751
7622
7493
7494
7623
7752
7881
8010
8139
8266
8393
8394
8267
8140
8141
8268
8269
8142
8013
7884
7755
7885
8014
8143
8271
8144
8272
8399
8527
8655
8783
8911
9039
9167
9295
9423
9552
9553
9426
9425
9424
9296
9297
9170
9169
9168
9041
9040
8913
8912
8785
8784
8657
8658
8659
8786
8787
8914
8915
9042
9043
8916
8917
9044
9171
9298
9299
9172
9173
9174
9047
9046
9045
8918
8919
8920
8921
8922
9049
9048
9175
9176
9177
9178
9179
9180
9053
9052
9051
9050
8923
8924
8925
8926
8927
8928
8929
8930
9057
9056
9055
9054
9181
9182
9183
9184
9185
9186
9313
9314
9315
9316
9317
9318
9319
9320
9321
9194
9067
9066
9193
9192
9191
9064
9065
8938
8937
8936
8935
8934
9061
9062
9063
9190
9189
9188
9187
9060
9059
9058
8931
8932
8933
8806
8807
8808
8809
8810
8811
8684
8683
8682
8681
8680
8679
8678
8805
8804
8677
8676
8803
8802
8675
8674
8801
8800
8673
8672
8799
8798
8671
8670
8797
8796
8669
8668
8795
8794
8667
8666
8793
8792
8665
8664
8791
8790
8663
8662
8789
8788
8661
8660
8533
8532
8531
8530
8529
8656
8528
8401
8400
8273
8274
8275
8402
8403
8404
8405
8406
8407
8534
8535
8408
8409
8536
8537
8410
8411
8538
8539
8412
8413
8540
8541
8414
8287
8286
8159
8158
8285
8284
8283
8282
8155
8154
8281
8280
8153
8152
8279
8278
8277
8276
8149
8148
8147
8146
8017
8018
8019
8020
8021
8150
8151
8022
8023
8024
8025
8026
8027
8156
8157
8028
8029
8030
8031
8160
8161
8162
8289
8288
8415
8542
8543
8416
8417
8544
8545
8546
8419
8418
8291
8290
8163
8164
8165
8292
8293
8294
8421
8420
8547
8548
8549
8422
8423
8550
8551
8552
8553
8554
8427
8300
8301
8174
8175
8176
8303
8302
8429
8428
8555
8556
8557
8430
8431
8432
8305
8304
8177
8178
8179
8306
8307
8180
8181
8308
8435
8562
8689
8816
8943
9070
9197
9324
9451
9578
9705
9832
9959
10086
10087
10088
10215
10216
10217
10344
10345
10218
10091
9964
9837
9836
9963
10090
10089
9962
9961
9960
9833
9706
9707
9834
9835
9708
9709
9710
9711
9838
9839
9712
9585
9458
9331
9330
9457
9584
9583
9582
9455
9456
9329
9328
9201
9202
9203
9076
8949
8950
9077
9204
9205
9078
9079
9080
9081
9208
9209
9336
9463
9462
9335
9334
9207
9206
9333
9332
9459
9460
9461
9588
9715
9714
9587
9586
9713
9840
9841
9968
10095
10094
9967
9966
9965
10092
10093
10220
10219
10346
10347
10474
10473
10472
10471
10598
10725
10852
10851
10724
10597
10470
10343
10342
10341
10214
10213
10340
10467
10466
10465
10464
10463
10336
10337
10338
10339
10212
10085
10084
10211
10210
10209
10208
10081
10082
10083
9956
9955
9954
9953
9826
9827
9828
9701
9702
9829
9700
9699
9698
9825
9952
9951
10078
10079
10080
10207
10206
10205
10204
10203
10076
10077
9950
9949
9822
9823
9824
9697
9696
9695
9694
9821
9948
10075
10074
9947
9820
9819
9692
9693
9566
9567
9568
9569
9570
9571
9572
9573
9574
9575
9576
9703
9830
9957
9958
9831
9704
9577
9450
9323
9196
9069
8942
8815
8688
8561
8434
8433
8560
8559
8558
8685
8686
8687
8814
8813
8812
8939
8940
8941
9068
9195
9322
9449
9448
9447
9446
9445
9444
9443
9442
9441
9440
9439
9312
9311
9438
9565
9564
9691
9690
9563
9436
9437
9310
9309
9308
9435
9434
9307
9306
9433
9432
9305
9304
9303
9302
9301
9300
9427
9554
9555
9428
9429
9430
9431
9558
9559
9560
9561
9562
9689
9688
9687
9686
9685
9684
9557
9556
9683
9682
9681
9809
9810
9811
9812
9813
9814
9815
9816
9817
9818
9945
9946
10073
10072
9944
9943
9942
9941
9940
9939
9938
9937
9936
9935
9808
9680
9679
9551
9422
9294
9166
9038
8910
8782
8654
8526
8653
8781
8909
9037
9165
9293
9421
9549
9550
9678
9807
9934
10060
10061
10062
10063
10064
10065
10066
10067
10068
10069
10070
10071
10200
10328
10456
10583
10710
10709
10708
10707
10706
10705
10704
10703
10702
10701
10700
10699
10698
10824
10697
10696
10823
10950
11077
11204
11331
11332
11205
11333
11334
11335
11336
11337
11338
11211
11084
10957
10956
11083
11210
11209
11082
10955
10954
10953
10952
11079
11080
11081
11208
11207
11206
11078
10951
10825
10826
10827
10828
10829
10830
10831
10832
10833
10834
10835
10836
10963
10962
10961
10960
11087
11088
11089
11090
11091
11218
11217
11216
11215
11214
11213
11086
10959
10958
11085
11212
11339
11340
11341
11342
11343
11344
11345
11472
11471
11470
11469
11468
11467
11466
11465
11464
11463
11462
11461
11460
11459
11458
11585
11586
11587
11588
11589
11590
11591
11592
11593
11594
11595
11596
11597
11598
11599
11726
11853
11980
12107
12108
11981
11854
11727
11600
11473
11346
11219
11092
10965
10964
10837
10838
10711
10584
10457
10329
10201
10202
10330
10331
10458
10585
10712
10839
10966
11093
11220
11347
11474
11601
11728
11602
11475
11348
11221
11094
10967
10840
10713
10586
10459
10332
10333
10334
10335
10462
10589
10590
10591
10592
10593
10594
10721
10848
10975
11102
11229
11356
11483
11482
11481
11480
11479
11478
11477
11350
11351
11352
11353
11354
11355
11228
11101
10974
10847
10720
10719
10718
10717
10716
10843
10844
10845
10846
10973
10972
10971
10970
11097
11098
11099
11100
11227
11226
11225
11224
11223
11096
10969
10842
10715
10588
10461
10460
10587
10714
10841
10968
11095
11222
11349
11476
11603
11604
11605
11606
11607
11608
11609
11610
11737
11864
11992
11993
11994
11995
11868
11741
11742
11869
11996
11997
11870
11743
11744
11616
11615
11614
11613
11740
11867
11866
11865
11738
11739
11612
11611
11484
11357
11230
11103
10976
10849
10722
10595
10468
10469
10596
10723
10850
10977
10978
11105
11104
11231
11232
11359
11358
11485
11486
11487
11360
11233
11106
10979
10980
10853
10726
10599
10600
10601
10602
10475
10476
10349
10348
10221
10222
10223
10350
10477
10604
10603
10730
10729
10856
10855
10728
10727
10854
10981
10982
11109
11236
11363
11362
11235
11108
11107
11234
11361
11488
11489
11490
11617
11618
11745
11746
11619
11620
11621
11748
11747
11874
11873
12001
12129
12128
12127
12000
11999
11872
11871
11998
12125
12126
12253
12254
12255
12256
12257
12258
12259
12260
12261
12262
12135
12008
12009
12136
12263
12390
12389
12388
12387
12386
12385
12384
12383
12382
12509
12510
12511
12512
12639
12638
12637
12764
12891
12892
12765
12766
12893
12894
12767
12768
12769
12896
12895
13022
13023
13150
13149
13276
13277
13404
13403
13402
13275
13148
13021
13020
13019
13018
13145
13146
13147
13274
13273
13272
13399
13526
13527
13400
13401
13528
13529
13656
13783
13784
13785
13786
13787
13788
13915
13914
13913
13912
13911
14038
14039
14040
14041
14042
14043
13916
13917
14044
14045
14046
14047
14048
14049
14050
14051
14052
14053
13926
13925
13924
13923
13922
13921
13920
13919
13918
13791
13790
13789
13662
13661
13660
13659
13658
13657
13530
13531
13532
13405
13278
13279
13406
13533
13534
13535
13536
13663
13664
13537
13410
13409
13408
13407
13280
13281
13282
13283
13156
13157
13158
13031
12904
12903
13030
13029
12902
12901
12900
13027
13028
13155
13154
13153
13152
13151
13024
13025
13026
12899
12898
12897
12770
12643
12642
12641
12640
12513
12514
12515
12516
12517
12518
12391
12264
12137
12010
11883
11884
12011
12012
11885
11758
11757
11630
11503
11504
11631
11632
11505
11378
11377
11250
11249
11376
11375
11248
11247
11374
11373
11500
11499
11626
11627
11628
11501
11502
11629
11756
11755
11882
11881
11754
11753
11880
11879
11878
11877
12004
12005
12006
12007
12134
12133
12132
12131
12130
12003
12002
11875
11876
11749
11750
11751
11752
11625
11624
11623
11622
11495
11496
11369
11368
11367
11494
11493
11366
11239
11240
11113
11114
11241
11242
11115
11116
10989
10990
10863
10864
10737
10610
10483
10356
10357
10230
10103
10102
10229
10228
10355
10482
10609
10736
10735
10862
10861
10988
10987
10860
10859
10986
10985
11112
11111
11238
11365
11492
11491
11364
11237
11110
10983
10984
10857
10858
10731
10732
10605
10478
10351
10224
10225
10352
10353
10480
10479
10606
10733
10734
10607
10608
10481
10354
10227
10226
10099
10098
10097
10096
9969
9842
9843
9970
9971
9972
9845
9844
9717
9716
9589
9590
9591
9718
9719
9720
9847
9846
9973
10100
10101
9974
9975
9976
9849
9848
9721
9594
9595
9722
9723
9596
9597
9724
9851
9850
9977
10104
10231
10232
10360
10489
10490
10364
10238
10111
9984
9856
9855
9982
9983
10110
10237
10236
10109
10108
9981
9854
9853
9980
9979
10106
10107
10234
10235
10362
10363
10361
10233
10105
9978
9852
9727
9728
9726
9725
9598
9599
9600
9601
9474
9475
9476
9349
9348
9221
9220
9347
9346
9473
9472
9345
9344
9471
9470
9469
9468
9467
9466
9593
9592
9465
9464
9337
9338
9339
9212
9213
9340
9341
9342
9343
9216
9217
9090
8963
8836
8837
8838
8965
8964
9091
9218
9219
9092
9093
8966
8839
8712
8713
8586
8585
8458
8459
8332
8333
8334
8207
8208
8335
8336
8209
8210
8337
8338
8465
8466
8593
8594
8467
8468
8595
8596
8469
8470
8343
8344
8217
8218
8345
8346
8473
8472
8471
8598
8597
8724
8723
8722
8721
8848
8849
8850
8977
8976
8975
9102
9229
9230
9103
9104
9231
9232
9105
8978
8851
8852
8725
8726
8599
8600
8727
8854
8853
8980
8979
9106
9233
9234
9107
9108
8981
8982
8855
8856
8857
8730
8729
8728
8601
8602
8603
8604
8731
8732
8859
8858
8985
8986
8987
8860
8733
8606
8605
8478
8477
8350
8349
8476
8475
8474
8347
8348
8221
8222
8223
8224
8351
8352
8479
8480
8481
8482
8355
8356
8483
8484
8611
8610
8609
8736
8737
8738
8739
8740
8741
8614
8615
8616
8489
8490
8617
8618
8491
8492
8619
8620
8493
8494
8621
8622
8495
8496
8369
8368
8241
8242
8243
8370
8497
8624
8623
8750
8751
8878
8879
8880
9007
9006
9005
9132
9133
9134
9135
9008
9009
9010
8883
8884
8885
8886
8887
8760
8759
8758
8757
8756
8755
8882
8881
8754
8753
8752
8625
8626
8627
8628
8629
8502
8501
8500
8499
8498
8371
8244
8245
8372
8373
8374
8375
8248
8247
8246
8117
8118
8119
8120
8121
8122
8123
8252
8253
8124
8125
8254
8381
8508
8507
8380
8379
8378
8251
8250
8249
8376
8377
8504
8503
8630
8631
8632
8505
8506
8633
8634
8635
8762
8761
8888
8889
9016
9015
9014
9013
9012
9011
9138
9139
9140
9141
9142
9143
9270
9269
9268
9267
9266
9265
9264
9137
9136
9263
9262
9261
9260
9259
9258
9131
9130
9257
9256
9129
9128
9001
9002
9003
9004
8877
8876
8749
8748
8875
8874
8747
8746
8873
9000
8999
8998
8997
8870
8871
8872
8745
8744
8743
8742
8869
8868
8867
8866
8865
8864
8863
8862
8735
8608
8607
8734
8861
8988
9115
9242
9369
9368
9367
9240
9241
9114
9113
9112
9111
8984
8983
9110
9109
9236
9235
9362
9361
9488
9489
9490
9363
9364
9237
9238
9239
9366
9365
9492
9491
9618
9617
9744
9871
9998
9997
10124
10123
9996
9995
10122
10249
10250
10251
10252
10125
10126
9999
10000
9873
9872
9745
9746
9619
9620
9493
9494
9621
9622
9495
9496
9623
9750
9749
9876
9877
10004
10131
10258
10257
10384
10385
10512
10511
10638
10639
10766
10893
10894
10767
10640
10513
10386
10259
10132
10005
9878
9751
9624
9497
9370
9243
9116
8989
8990
8991
8992
8993
9120
9119
9118
9117
9244
9245
9246
9247
9248
9121
8994
8995
8996
9123
9122
9249
9376
9377
9250
9251
9124
9125
9126
9127
9254
9255
9382
9383
9510
9509
9636
9637
9638
9639
9512
9511
9384
9385
9386
9387
9388
9389
9390
9391
9392
9393
9394
9395
9396
9397
9524
9523
9522
9521
9520
9519
9646
9647
9648
9649
9776
9777
9650
9651
9778
9905
9904
10031
10032
10159
10158
10157
10284
10283
10282
10281
10408
10409
10410
10411
10412
10285
10286
10413
10540
10539
10538
10665
10666
10667
10794
10921
11048
11047
11046
11045
11044
11043
11042
11041
11168
11169
11170
11171
11298
11299
11172
11173
11300
11301
11174
11175
11302
11429
11428
11427
11426
11425
11424
11297
11296
11423
11422
11295
11294
11167
11166
11165
11164
11163
11162
11035
11036
11037
11038
11039
11040
10913
10786
10659
10660
10661
10788
10787
10914
10915
10916
10917
10918
10919
10920
10793
10792
10791
10790
10789
10662
10663
10664
10537
10536
10535
10534
10407
10280
10279
10278
10277
10404
10405
10406
10533
10532
10531
10658
10657
10784
10785
10912
10911
10910
10783
10782
10909
10908
10781
10780
10779
10652
10653
10654
10655
10656
10529
10530
10403
10402
10401
10528
10527
10526
10525
10524
10523
10650
10651
10778
10777
10776
10775
10774
10773
10900
10901
10902
10903
10904
10905
10906
10907
11034
11033
11032
11031
11030
11029
11028
11027
11026
11025
11024
11151
11278
11277
11150
11023
10896
10897
10898
10899
10772
10771
10770
10769
10642
10643
10644
10645
10646
10647
10648
10649
10522
10521
10520
10519
10518
10517
10516
10515
10388
10261
10134
10007
10008
10009
9884
10010
10011
10012
10139
10140
10141
10014
10013
9886
9885
9758
9759
9632
9505
9506
9379
9380
9507
9634
9633
9760
9887
9888
9761
9889
9890
9891
9892
9893
10021
10148
10274
10273
10272
10145
10146
10147
10020
10019
10018
10017
10016
10015
10142
10143
10144
10271
10270
10269
10268
10267
10266
10265
10138
10137
10136
10135
10262
10389
10390
10263
10264
10391
10392
10393
10394
10395
10396
10397
10398
10399
10400
10275
10276
10149
10150
10023
10022
9895
9768
9641
9642
9643
9770
9769
9896
9897
10024
10151
10152
10153
10154
10155
10156
10029
10030
9903
9902
9775
9774
9773
9900
9901
10028
10027
10026
10025
9898
9899
9772
9771
9644
9645
9518
9517
9516
9515
9514
9513
9640
9767
9894
9766
9765
9764
9763
9762
9635
9508
9381
9253
9252
9378
9504
9631
9757
9883
9882
9881
9880
9753
9754
9755
9756
9629
9630
9503
9502
9375
9374
9373
9500
9501
9628
9627
9626
9499
9372
9371
9498
9625
9752
9879
10006
10133
10260
10387
10514
10641
10768
10895
11022
11149
11276
11403
11402
11275
11148
11021
11020
11019
11146
11147
11274
11273
11272
11271
11398
11399
11526
11525
11652
11651
11778
11777
11904
11903
12030
12029
12028
12027
12154
12153
12280
12281
12408
12407
12534
12535
12536
12537
12538
12665
12666
12667
12668
12669
12796
12797
12670
12671
12672
12673
12674
12675
12802
12801
12800
12799
12798
12925
12926
12927
13054
13055
12928
12929
12930
12803
12676
12677
12804
12931
12932
12805
12678
12679
12806
12933
12934
12935
12808
12807
12680
12681
12682
12683
12810
12809
12936
12937
13064
13063
13062
13061
13060
13059
13058
13057
13056
13183
13182
13181
13308
13307
13306
13305
13432
13433
13434
13561
13560
13559
13558
13557
13556
13683
13684
13811
13812
13685
13686
13687
13688
13689
13690
13563
13562
13435
13436
13309
13310
13437
13438
13439
13312
13311
13184
13185
13186
13187
13188
13189
13190
13191
13318
13445
13446
13447
13448
13449
13322
13321
13320
13319
13192
13065
13066
13193
13194
13195
13196
13069
13068
13067
12940
12941
12814
12813
12812
12939
12938
12811
12684
12685
12686
12687
12560
12559
12558
12557
12556
12555
12554
12553
12552
12551
12550
12549
12548
12547
12546
12545
12544
12543
12542
12541
12540
12539
12412
12411
12410
12409
12282
12155
12156
12283
12284
12157
12158
12031
12032
11905
11906
11779
11780
11653
11654
11527
11400
11401
11528
11655
11656
11529
11530
11531
11404
11405
11406
11407
11408
11409
11410
11283
11282
11281
11280
11279
11152
11153
11154
11155
11156
11157
11284
11285
11158
11159
11160
11161
11288
11289
11416
11417
11290
11291
11418
11419
11292
11293
11420
11421
11548
11547
11546
11545
11544
11543
11542
11415
11414
11287
11286
11413
11412
11411
11538
11665
11664
11537
11536
11663
11662
11535
11534
11661
11660
11533
11532
11659
11658
11657
11784
11785
11912
11913
11786
11787
11788
11789
11916
11917
11790
11791
11918
11919
11792
11793
11920
11921
11794
11667
11666
11539
11540
11541
11668
11669
11670
11797
11798
11671
11672
11673
11674
11675
11676
11549
11550
11551
11552
11553
11554
11681
11682
11555
11556
11683
11810
11937
12064
12063
11936
11809
11808
11935
12062
12061
12060
12059
12058
12057
11930
11931
11932
11805
11806
11933
11934
11807
11680
11679
11678
11677
11804
11803
11802
11929
12056
12055
11928
11801
11800
11799
11926
11927
12054
12053
12052
11925
11924
12051
12050
11923
11796
11795
11922
12049
12048
12047
12046
12045
12044
12043
12042
11915
11914
12041
12040
12039
12038
11911
11910
11783
11782
11781
11907
12033
12159
12285
12286
12413
12414
12287
12160
12161
12034
12035
11908
11909
12036
12037
12164
12165
12166
12167
12168
12169
12170
12171
12172
12173
12174
12175
12176
12177
12178
12179
12180
12181
12182
12183
12184
12185
12186
12187
12188
12189
12190
12191
12318
12317
12316
12315
12314
12313
12312
12311
12310
12309
12308
12307
12306
12305
12304
12303
12302
12301
12300
12299
12298
12297
12296
12295
12294
12293
12292
12291
12290
12163
12162
12289
12288
12415
12416
12417
12418
12419
12420
12421
12422
12423
12424
12425
12426
12427
12428
12429
12430
12431
12432
12433
12434
12561
12562
12435
12436
12437
12438
12439
12440
12567
12566
12565
12564
12563
12690
12689
12688
12815
12942
12943
12816
12817
12944
12945
12946
12819
12818
12691
12692
12693
12694
12695
12696
12569
12568
12441
12442
12443
12570
12571
12444
12445
12572
12699
12698
12697
12824
12825
12826
12953
12952
12951
12950
12823
12822
12949
12948
12821
12820
12947
13074
13073
13072
13071
13070
13197
13198
13199
13200
13201
13202
13075
13076
13203
13204
13077
13078
13079
13080
13207
13206
13205
13332
13333
13334
13461
13588
13587
13460
13459
13586
13585
13584
13583
13710
13837
13838
13711
13712
13713
13714
13715
13842
13841
13840
13839
13966
13967
13968
13969
14096
14095
14094
14093
14092
13965
13964
14091
14090
14089
14088
14087
14086
14085
14084
14083
13956
13957
13958
13959
13960
13961
13962
13963
13836
13835
13834
13707
13708
13709
13582
13581
13454
13455
13456
13457
13458
13331
13330
13329
13328
13327
13326
13325
13324
13323
13450
13451
13452
13453
13580
13579
13578
13577
13576
13575
13702
13703
13704
13705
13706
13833
13832
13831
13830
13829
13828
13827
13826
13699
13700
13701
13574
13573
13572
13571
13570
13443
13444
13317
13316
13315
13442
13569
13568
13441
13314
13313
13440
13567
13566
13565
13564
13691
13818
13817
13816
13815
13814
13813
13940
13941
13942
13943
13944
13945
13946
13947
13820
13819
13692
13693
13694
13821
13822
13695
13696
13697
13698
13825
13824
13823
13950
13951
13952
13953
13954
13955
14082
14081
14080
14079
14078
14077
14076
13949
13948
14075
14074
14073
14072
14071
14070
14069
14068
14067
14066
13939
13938
14065
14064
14063
14062
14061
13934
13935
13936
13937
13810
13809
13808
13807
13806
13679
13680
13681
13682
13555
13428
13429
13430
13431
13304
13303
13176
13049
13050
13177
13178
13179
13180
13053
13052
13051
12924
12923
12922
12795
12794
12793
12920
12921
13048
13175
13302
13301
13300
13427
13554
13553
13552
13551
13550
13549
13676
13677
13678
13805
13804
13803
13802
13675
13548
13547
13546
13545
13418
13291
13292
13419
13420
13293
13294
13421
13422
13423
13424
13425
13426
13299
13172
13173
13174
13047
13046
13045
12918
12919
12792
12791
12664
12663
12790
12917
12916
12915
12788
12789
12662
12661
12660
12659
12658
12531
12532
12533
12406
12279
12152
12025
12026
11899
11900
11773
11774
11901
11902
11775
11776
11649
11650
11523
11524
11397
11396
11269
11270
11143
11142
11015
10888
10761
10634
10635
10762
10763
10890
10889
11016
11017
11144
11145
11018
10891
10892
10765
10764
10637
10636
10509
10510
10383
10382
10255
10256
10129
10130
10003
10002
9875
9748
9747
9874
10001
10128
10127
10254
10253
10380
10381
10508
10507
10506
10379
10378
10377
10376
10503
10630
10631
10504
10505
10632
10633
10760
10759
10758
10885
11012
11011
11138
11139
11140
11013
10886
10887
11014
11141
11268
11267
11394
11395
11522
11521
11648
11647
11646
11519
11520
11393
11266
11265
11392
11391
11518
11645
11772
11771
11898
11897
11770
11769
11768
11767
11766
11765
11638
11637
11764
11763
11890
12017
12144
12271
12272
12145
12018
11891
11892
11893
12020
12019
12146
12147
12148
12275
12276
12149
12022
12021
11894
11895
11896
12023
12024
12151
12150
12277
12278
12405
12404
12403
12402
12401
12274
12273
12400
12399
12398
12525
12526
12527
12528
12529
12530
12657
12656
12655
12654
12653
12652
12651
12650
12649
12522
12395
12268
12141
12142
12269
12396
12523
12524
12397
12270
12143
12016
12015
12014
11887
11888
11889
11762
11635
11636
11509
11382
11381
11508
11507
11380
11253
11254
11127
11000
10873
10872
10999
11126
11125
10998
10871
10744
10745
10746
10619
10620
10493
10494
10621
10622
10495
10368
10367
10240
10241
10114
10115
10116
10117
9990
9991
10118
10245
10372
10499
10498
10497
10370
10371
10244
10243
10242
10369
10496
10623
10624
10751
10752
10625
10626
10627
10628
10755
10754
10753
10880
10879
10878
10877
10750
10749
10876
11003
11004
11131
11130
11129
11002
10875
10748
10747
10874
11001
11128
11255
11256
11383
11510
11511
11384
11257
11258
11385
11512
11639
11640
11513
11514
11641
11642
11515
11388
11261
11260
11387
11386
11259
11132
11005
11006
11133
11134
11007
11008
10881
10882
11009
11136
11135
11262
11389
11516
11643
11644
11517
11390
11263
11264
11137
11010
10883
10884
10757
10756
10629
10502
10375
10374
10501
10500
10373
10246
10247
10248
10121
9994
9993
10120
10119
9992
9865
9866
9739
9740
9867
9868
9869
9870
9743
9616
9615
9742
9741
9614
9613
9486
9487
9360
9359
9358
9357
9484
9485
9612
9611
9738
9737
9864
9863
9736
9735
9608
9481
9482
9609
9610
9483
9356
9355
9354
9353
9227
9228
9101
8974
8847
8720
8719
8592
8591
8464
8463
8462
8461
8460
8587
8588
8590
8589
8718
8846
8973
9100
9226
9099
8972
8845
8844
8971
8970
9097
9098
9225
9224
9096
9223
9095
8968
8969
8842
8843
8716
8717
8715
8841
8714
8840
8967
9094
9222
9351
9352
9350
9477
9478
9479
9480
9607
9734
9861
9862
9989
9988
9987
9860
9859
9732
9733
9606
9605
9604
9731
9730
9603
9602
9729
9857
9858
9985
9986
10113
10112
10239
10366
10365
10492
10491
10618
10617
10616
10615
10488
10487
10486
10359
10358
10485
10484
10611
10738
10865
10992
10991
11118
11117
11244
11243
11370
11497
11498
11371
11372
11245
11246
11119
11120
10993
10866
10739
10612
10613
10614
10741
10740
10867
10994
11121
11122
10995
10868
10869
10742
10743
10870
10997
10996
11123
11124
11251
11252
11379
11506
11633
11634
11761
11760
11759
11886
12013
12140
12139
12138
12265
12266
12267
12394
12393
12392
12519
12520
12521
12648
12647
12646
12645
12644
12771
12772
12773
12774
12775
12776
12777
12778
12779
12780
12781
12782
12783
12784
12785
12786
12787
12914
13041
13042
13043
13044
13171
13298
13297
13170
13169
13296
13295
13168
13167
13166
13165
13038
13039
13040
12913
12912
12911
12910
13037
13164
13163
13036
12909
12908
12907
12906
12905
13032
13033
13160
13159
13286
13287
13288
13161
13034
13035
13162
13289
13290
13417
13416
13415
13414
13413
13412
13285
13284
13411
13538
13539
13540
13541
13542
13543
13544
13671
13670
13669
13668
13667
13666
13665
13792
13793
13794
13795
13796
13797
13798
13799
13672
13673
13674
13801
13800
13927
13928
13929
13930
13931
13932
13933
14060
14059
14058
14057
14056
14055
14054
14181
14180
14179
14178
14177
14176
14175
14174
14173
14172
14171
14170
14169
14168
14167
14166
14165
14164
14163
14162
14161
14288
14287
14286
14413
14414
14415
14416
14289
14290
14417
14418
14291
14292
14419
14420
14293
14294
14421
14422
14295
14296
14423
14424
14297
14298
14425
14426
14299
14300
14427
14428
14301
14302
14429
14430
14303
14304
14431
14432
14305
14306
14433
14434
14307
14308
14435
14436
14309
14182
14183
14184
14185
14186
14187
14188
14189
14190
14191
14192
14193
14194
14195
14196
14197
14198
14199
14200
14201
14202
14203
14204
14205
14206
14207
14208
14209
14210
14211
14212
14213
14214
14215
14216
14217
14218
14219
14220
14221
14222
14223
14350
14349
14348
14347
14346
14345
14344
14343
14342
14341
14340
14339
14338
14337
14464
14463
14336
14335
14462
14461
14334
14333
14460
14459
14332
14331
14458
14457
14330
14329
14456
14455
14328
14327
14454
14453
14326
14325
14452
14451
14324
14323
14322
14321
14320
14319
14318
14317
14316
14315
14314
14313
14312
14311
14310
14437
14438
14439
14440
14441
14442
14443
14444
14445
14446
14447
14448
14449
14450
14577
14578
14579
14580
14581
14582
14583
14584
14585
14586
14587
14588
14715
14714
14713
14712
14711
14710
14709
14708
14707
14706
14705
14704
14703
14576
14575
14702
14701
14574
14573
14572
14571
14570
14569
14696
14697
14698
14699
14700
14827
14828
14829
14830
14831
14958
14957
14956
15083
15084
15085
15086
14959
14832
14833
14960
14961
14834
14835
14836
14837
14964
14965
14838
14839
14840
14841
14842
14843
14970
14971
14844
14845
14846
14719
14718
14717
14716
14589
14590
14591
14592
14465
14466
14467
14468
14469
14470
14471
14472
14473
14474
14475
14476
14477
14604
14603
14602
14601
14600
14599
14598
14597
14596
14595
14594
14593
14720
14721
14722
14723
14724
14725
14726
14727
14728
14729
14730
14731
14858
14985
15112
15111
15110
14983
14984
14857
14856
14855
14854
14853
14852
14979
14980
14981
14982
15109
15108
15107
15106
15105
14978
14851
14850
14977
15104
15103
15102
14975
14976
14849
14848
14847
14974
15101
15100
14973
14972
15099
15098
15097
15096
14969
14968
15095
15094
14967
14966
15093
15092
15091
15090
14963
14962
15089
15088
15087
15214
15213
15340
15341
15342
15215
15216
15217
15344
15343
15470
15469
15468
15467
15466
15339
15212
15211
15210
15209
15336
15335
15208
15207
15206
15205
15204
15203
15076
15075
15074
15073
14946
14947
14948
14949
14950
15077
15078
15079
15080
15081
15082
14955
14954
14953
14826
14825
14952
14951
14824
14823
14822
14821
14820
14819
14818
14945
15072
15071
15070
14943
14944
14817
14816
14815
14814
14941
14942
15069
15068
15067
14940
14813
14812
14939
15066
15065
15064
14937
14938
14811
14810
14809
14808
14935
14936
15063
15062
15061
14934
14807
14806
14933
15060
15059
15058
14931
14932
14805
14804
14803
14802
14929
14930
15057
15056
15055
15054
14927
14928
14801
14800
14799
14926
15053
15052
15051
14924
14925
14798
14797
14796
14795
14922
14923
15050
15049
15176
15175
15174
15173
15172
15171
15298
15299
15300
15427
15426
15425
15424
15423
15296
15297
15170
15169
15168
15295
15422
15421
15420
15293
15294
15167
15166
15165
15292
15419
15418
15291
15290
15417
15416
15289
15288
15415
15542
15543
15544
15545
15672
15671
15670
15797
15796
15669
15668
15795
15794
15665
15538
15539
15666
15667
15540
15541
15414
15413
15287
15161
15162
15035
14908
14781
14654
14653
14525
14526
14527
14528
14529
14530
14531
14658
14657
14656
14655
14782
14909
15036
15163
15164
15037
15038
15039
15040
15041
15042
15043
15044
14917
14918
15045
15046
15047
15048
14921
14794
14793
14920
14919
14792
14791
14790
14789
14916
14915
14788
14787
14914
14913
14912
14911
14910
14783
14784
14785
14786
14659
14660
14661
14662
14663
14664
14665
14666
14667
14668
14669
14670
14671
14672
14673
14674
14675
14676
14677
14678
14679
14680
14681
14682
14683
14684
14685
14686
14687
14688
14689
14690
14691
14692
14693
14694
14695
14568
14567
14566
14565
14564
14563
14562
14561
14560
14559
14558
14557
14556
14555
14554
14553
14552
14551
14550
14549
14548
14547
14546
14545
14544
14543
14542
14541
14540
14539
14538
14537
14536
14535
14534
14533
14532
14405
14406
14407
14408
14409
14410
14411
14412
14285
14284
14283
14282
14281
14280
14279
14278
14277
14404
14403
14276
14275
14402
14401
14400
14399
14272
14273
14274
14147
14148
14149
14150
14151
14152
14153
14154
14155
14156
14157
14158
14159
14160
14033
14032
13905
13906
13907
14034
14035
14036
14037
13910
13909
13908
13781
13782
13655
13654
13653
13780
13779
13778
13777
13776
13775
13648
13647
13774
13773
13646
13645
13518
13519
13520
13393
13394
13521
13522
13649
13650
13651
13652
13525
13524
13523
13396
13395
13268
13269
13270
13397
13398
13271
13144
13143
13016
13017
12890
12889
12762
12763
12636
12635
12508
12381
12380
12507
12506
12379
12252
12251
12124
12123
12122
12121
12120
12119
12246
12245
12244
12243
12242
12115
12116
12117
12118
11991
11990
11989
11988
11861
11862
11863
11736
11735
11734
11733
11732
11731
11858
11985
12112
12239
12240
12113
11986
11859
11860
11987
12114
12241
12369
12370
12371
12372
12373
12374
12247
12248
12249
12250
12377
12378
12505
12504
12503
12376
12375
12502
12501
12628
12755
12754
12753
12752
12880
13007
13134
13261
13260
13259
13258
13131
13004
13005
13132
13133
13006
12879
12878
12751
12750
12877
12876
12749
12622
12623
12624
12625
12626
12627
12500
12499
12498
12497
12496
12495
12368
12367
12494
12493
12366
12365
12492
12619
12746
12873
13000
13127
13254
13255
13128
13001
12874
12747
12620
12621
12748
12875
13002
13003
13130
13129
13256
13257
13384
13383
13382
13381
13380
13253
13126
13125
13252
13379
13378
13251
13124
12997
12870
12871
12998
12999
12872
12745
12618
12491
12364
12237
12238
12111
11984
11857
11730
11729
11856
11855
11982
11983
12110
12109
12236
12363
12490
12617
12743
12744
12869
12868
12867
12866
12865
12864
12863
12862
12735
12736
12861
12860
12734
12608
12609
12737
12738
12610
12739
12740
12741
12742
12616
12489
12362
12235
12234
12233
12106
12232
12231
12230
12229
12228
12227
12226
12225
12224
12223
12222
12095
12096
12097
12098
12099
12100
12101
12102
12103
12104
12105
11979
11852
11725
11724
11723
11722
11721
11720
11719
11718
11717
11716
11715
11714
11713
11840
11841
11842
11843
11844
11845
11846
11847
11848
11849
11850
11851
11978
11977
11976
11975
11974
11973
11972
11971
11970
11969
11968
11967
12094
12221
12348
12476
12604
12605
12606
12479
12478
12477
12349
12350
12351
12352
12353
12354
12355
12356
12357
12358
12359
12360
12361
12488
12615
12614
12487
12486
12613
12612
12485
12611
12484
12483
12482
12481
12480
12607
12733
12731
12732
12603
12475
12347
12220
12093
11966
11838
11710
11582
11455
11328
11201
11074
10947
10820
10693
10566
10439
10440
10567
10694
10821
10948
11075
11202
11329
11456
11583
11711
11839
11712
11584
11457
11330
11203
11076
10949
10822
10695
10568
10441
10442
10569
10570
10571
10572
10573
10574
10575
10576
10577
10578
10579
10452
10451
10450
10449
10448
10447
10446
10445
10444
10443
10316
10317
10318
10319
10320
10321
10322
10323
10324
10325
10326
10453
10454
10580
10581
10582
10455
10327
10199
10198
10197
10196
10195
10194
10193
10192
10191
10190
10189
10315
10314
10188
10187
10186
10313
10312
10185
10057
10184
10056
10058
10059
9933
9806
9677
9676
9675
9674
9673
9546
9547
9548
9420
9419
9418
9545
9672
9799
9800
9801
9802
9803
9804
9805
9932
9931
9930
9929
9928
10055
10183
10311
10438
10565
10692
10819
10946
11073
11200
11327
11454
11581
11580
11452
11451
11450
11577
11578
11579
11706
11707
11834
11835
11962
12090
12091
11964
11963
11836
11708
11709
11837
11965
12092
12219
12218
12345
12472
12599
12726
12853
12980
12979
12978
12977
12850
12723
12596
12469
12342
12215
12216
12343
12470
12597
12724
12851
12852
12725
12598
12471
12344
12217
12089
11961
11960
11959
12086
12088
12087
12214
12341
12468
12595
12722
12849
12848
12847
12846
12718
12590
12717
12844
12845
12972
12971
12970
12843
12716
12589
12462
12334
12461
12588
12715
12842
12969
13096
13223
13222
13221
13094
13095
12968
12967
12839
12841
12714
12587
12460
12333
12206
12207
12335
12463
12591
12719
12720
12721
12594
12593
12592
12465
12466
12467
12340
12213
12085
11958
11831
11832
11833
11705
11704
11703
11576
11449
11322
11323
11324
11197
11070
10943
10944
11071
11198
11325
11453
11326
11199
11072
10945
10818
10691
10690
10817
10816
10689
10688
10815
10942
11069
11196
11195
11194
11321
11448
11575
11702
11701
11700
11699
11698
11825
11953
11826
11827
11828
11829
11830
11957
11956
11955
11954
12081
12082
12083
12084
12211
12212
12339
12338
12464
12337
12210
12209
12336
12208
12080
11952
11951
12078
12079
12205
12332
12459
12586
12713
12840
12712
12585
12458
12331
12204
12077
11950
11823
11824
11697
11696
11569
11442
11315
11316
11317
11318
11319
11446
11445
11444
11443
11570
11571
11572
11573
11574
11447
11320
11193
11192
11191
11190
11189
11188
11187
11314
11313
11186
11059
11060
11061
11062
11063
11064
11065
11066
11067
11068
10941
10940
10939
10938
10937
10936
10935
10934
10933
10932
10931
11058
11185
11312
11439
11566
11693
11694
11567
11440
11441
11568
11695
11822
11949
11948
11821
11820
11819
11692
11565
11438
11311
11184
11057
10930
10929
10928
10927
10800
10801
10802
10803
10804
10805
10806
10807
10808
10809
10810
10811
10812
10813
10814
10687
10560
10561
10562
10563
10564
10437
10310
10182
10309
10436
10435
10434
10433
10432
10431
10430
10429
10428
10427
10426
10425
10424
10423
10422
10421
10420
10419
10418
10417
10416
10543
10670
10797
10798
10671
10544
10545
10546
10547
10548
10549
10550
10551
10552
10553
10554
10555
10556
10557
10558
10559
10686
10685
10684
10683
10682
10681
10680
10679
10678
10677
10676
10675
10674
10673
10672
10799
10926
11053
11180
11307
11434
11561
11688
11815
11942
11941
11814
11687
11560
11433
11306
11179
11052
10925
10924
11051
11178
11305
11432
11559
11686
11813
11940
12067
12194
12321
12322
12195
12068
12069
12196
12323
12450
12449
12448
12575
12576
12577
12578
12451
12324
12197
12070
11943
11816
11689
11562
11435
11308
11309
11182
11181
11054
11055
11056
11183
11310
11437
11436
11563
11564
11691
11690
11818
11817
11944
11945
12072
12071
12198
12199
12201
12074
11947
11946
12073
12200
12328
12326
12325
12327
12455
12454
12453
12452
12579
12706
12705
12704
12703
12702
12829
12830
12831
12832
12833
12834
12835
12708
12707
12580
12581
12582
12709
12836
12963
12962
12961
12960
12959
12958
12957
12956
13083
13084
13085
13086
13087
13088
13089
13216
13215
13214
13213
13212
13211
13210
13337
13338
13339
13340
13341
13342
13343
13470
13469
13468
13467
13466
13465
13464
13591
13592
13593
13594
13595
13596
13597
13724
13723
13722
13721
13720
13719
13718
13845
13846
13847
13848
13849
13850
13851
13978
13977
13976
13975
13974
13973
13972
14099
14100
14101
14102
14103
14104
14105
14232
14359
14360
14233
14106
13979
13852
13725
13598
13471
13344
13217
13090
13091
13092
12965
12964
12837
12710
12583
12456
12329
12202
12075
12076
12203
12330
12457
12584
12711
12838
12966
13093
13220
13347
13474
13601
13728
13855
13854
13727
13600
13473
13346
13219
13218
13345
13472
13599
13726
13853
13980
14107
14234
14361
14488
14615
14742
14869
14996
15123
15250
15377
15504
15631
15630
15503
15376
15375
15374
15501
15502
15629
15628
15627
15500
15373
15246
15119
14992
14865
14738
14611
14613
14486
14487
14614
14741
14740
14867
14868
14995
14994
15121
15122
15249
15248
15247
15120
14993
14866
14739
14612
14485
14484
14357
14358
14231
14230
14229
14228
14227
14226
14353
14354
14355
14356
14483
14482
14609
14610
14736
14737
14863
14990
14864
14991
15118
15117
15244
15245
15372
15499
15626
15753
15881
16008
16134
16007
15880
15879
15878
15751
15752
15625
15624
15497
15498
15371
15370
15243
15116
14989
14862
14735
14608
14481
14480
14607
14734
14861
14988
15115
15242
15369
15496
15623
15750
15877
16004
16131
16258
16385
16386
16259
16132
16005
16006
16133
16260
16387
16261
16135
16009
15882
15754
15755
15756
15883
16010
16136
16262
16388
16389
16263
16137
16138
16139
16140
16141
16142
16143
16144
16271
16270
16269
16268
16267
16266
16265
16264
16390
16391
16392
16393
16394
16395
16396
16397
16398
16399
16400
16401
16402
16403
16404
16276
16275
16274
16273
16272
16145
16146
16147
16148
16020
16019
16018
16017
16016
16015
16014
16013
16012
16011
15884
15757
15758
15885
15886
15887
15888
15761
15760
15759
15632
15633
15634
15505
15506
15378
15251
15124
14997
14870
14743
14616
14489
14362
14235
14108
13981
13982
14109
14236
14363
14490
14617
14744
14871
14998
15125
15252
15379
15507
15635
15636
15508
15509
15382
15255
15128
15001
14874
14747
14620
14493
14366
14239
14112
13985
13858
13731
13730
13857
13984
14111
14238
14365
14492
14619
14746
14873
15000
15127
15254
15381
15380
15253
15126
14999
14872
14745
14618
14491
14364
14237
14110
13983
13856
13729
13602
13475
13348
13349
13350
13351
13224
13097
13098
13099
13226
13225
13352
13353
13354
13227
13228
13355
13356
13229
13102
13101
13100
12973
12974
12975
12976
13103
13104
13105
13106
13107
13234
13235
13108
12981
12854
12727
12855
12983
13111
13239
13367
13366
13238
13110
12982
13109
13236
13237
13364
13365
13492
13493
13620
13621
13494
13495
13623
13751
13878
14005
14004
14003
14002
14129
14256
14255
14254
14127
14128
14001
14000
13873
13874
13875
13876
13877
13750
13622
13749
13748
13747
13746
13619
13618
13617
13616
13615
13614
13613
13740
13867
13866
13739
13612
13485
13358
13359
13486
13487
13488
13489
13490
13491
13363
13362
13361
13360
13233
13232
13231
13230
13357
13484
13483
13482
13481
13480
13479
13478
13477
13476
13603
13604
13605
13606
13607
13608
13609
13610
13611
13738
13865
13992
14119
14246
14245
14118
13991
13864
13737
13736
13735
13734
13733
13732
13859
13860
13861
13988
13987
13986
14113
14114
14115
14116
13989
13862
13863
13990
14117
14244
14243
14242
14241
14240
14367
14368
14369
14370
14371
14372
14373
14500
14499
14498
14497
14496
14495
14494
14621
14748
14875
15002
15129
15256
15383
15510
15637
15638
15511
15512
15639
15766
15765
15764
15763
15762
15889
15890
15891
15892
15893
16021
16149
16277
16405
16406
16278
16150
16022
15894
15895
16023
16024
16025
16026
16027
15900
15899
15898
15897
15896
15769
15770
15771
15772
15773
15774
15901
16028
16155
16154
16153
16152
16151
16279
16280
16407
16408
16281
16282
16409
16410
16283
16156
16029
15902
15903
15904
15905
15906
15907
15908
15909
15910
15911
15912
15785
15658
15531
15530
15657
15784
15783
15782
15781
15780
15779
15652
15653
15654
15655
15656
15529
15528
15527
15526
15525
15524
15651
15778
15777
15776
15775
15648
15521
15394
15267
15140
15013
15014
14887
14886
14759
14632
14631
14504
14377
14375
14502
14629
14756
14883
15010
15009
15008
15007
15006
15133
15132
15005
14878
14879
14752
14751
14624
14625
14626
14627
14754
14753
14880
14881
14882
14755
14628
14501
14374
14247
14120
13993
13994
14121
14248
14249
14376
14503
14630
14757
14884
15011
15138
15265
15264
15137
15136
15135
15134
15261
15260
15259
15258
15131
15004
14877
14750
14623
14622
14749
14876
15003
15130
15257
15384
15385
15386
15387
15388
15389
15262
15263
15390
15391
15392
15519
15518
15517
15516
15515
15514
15513
15640
15767
15768
15641
15642
15643
15644
15645
15646
15647
15520
15393
15266
15139
15012
14885
14758
14760
14888
15015
15016
15143
15142
15141
15268
15395
15522
15649
15650
15523
15396
15269
15270
15397
15398
15399
15272
15271
15144
15145
15017
14889
14761
14633
14505
14378
14250
14122
14123
13995
13868
13741
13742
13743
13870
13869
13996
13997
14124
14125
13998
13871
13744
13745
13872
13999
14126
14253
14252
14251
14379
14506
14634
14762
14890
15018
15146
15147
15148
15021
15020
15019
14892
14893
14894
14895
14768
14641
14642
14515
14388
14387
14514
14513
14640
14767
14766
14765
14891
14764
14763
14636
14635
14508
14509
14507
14380
14381
14382
14383
14384
14511
14510
14637
14638
14639
14512
14385
14386
14259
14258
14257
14130
14131
14132
14133
14260
14261
14134
14262
14135
14136
14263
14391
14392
14393
14265
14264
14137
14009
14008
13881
13880
14007
14006
13879
13752
13624
13496
13368
13240
13112
12984
12856
12728
12600
12474
12346
12473
12601
12602
12729
12730
12857
12858
12859
12985
13113
13241
13369
13497
13625
13753
13626
13754
13882
14010
14138
14266
14394
14522
14521
14520
14519
14518
14517
14390
14389
14516
14643
14770
14769
14896
14897
15024
15023
15022
15149
15150
15151
15278
15277
15276
15275
15274
15273
15400
15401
15402
15403
15404
15405
15532
15659
15786
15913
16040
16039
16038
16037
16164
16163
16036
16035
16034
16033
16032
16031
16030
16157
16284
16411
16412
16413
16414
16287
16286
16285
16158
16159
16160
16161
16162
16289
16288
16415
16416
16417
16290
16291
16418
16419
16420
16421
16294
16293
16292
16165
16166
16167
16168
16169
16042
16041
15914
15787
15660
15533
15661
15788
15915
15916
16043
16044
15917
15918
16045
16172
16299
16298
16171
16170
16297
16296
16295
16422
16423
16424
16425
16426
16427
16428
16429
16302
16301
16300
16173
16046
15919
15920
15791
15790
15789
15662
15534
15407
15406
15279
15152
15025
14898
14771
14644
14645
14772
14773
14646
14647
14648
14649
14650
14778
14777
14776
14775
14774
14901
14902
14903
14904
14905
15032
15158
15031
15030
15157
15156
15029
15028
15155
15154
15027
14900
14899
15026
15153
15280
15281
15282
15283
15284
15285
15159
15033
14906
14779
14651
14523
14395
14267
14139
14011
13883
13755
13627
13628
13501
13500
13499
13498
13370
13242
13114
12986
12987
13115
12988
12989
13116
13243
13371
13244
13117
12990
12991
13118
13245
13372
13373
13246
13119
12992
12993
12994
12995
12996
13123
13250
13377
13376
13249
13122
13121
13120
13247
13248
13374
13375
13502
13629
13630
13503
13504
13631
13758
13759
13632
13505
13506
13507
13508
13635
13636
13509
13510
13637
13764
13763
13890
13889
13762
13761
13634
13633
13760
13887
13888
14015
14016
14017
14018
13891
13892
13765
13766
13639
13638
13511
13512
13385
13386
13387
13388
13389
13262
13135
13008
12881
12882
13009
13136
13137
13138
13139
13012
13011
13010
12883
12756
12629
12630
12631
12632
12633
12634
12761
12888
12887
12760
12759
12758
12757
12884
12885
12886
13013
13014
13015
13142
13141
13140
13267
13266
13265
13392
13391
13264
13263
13390
13517
13516
13515
13642
13641
13514
13513
13640
13767
13768
13895
13896
13769
13770
13643
13644
13771
13772
13899
13900
13901
13902
13903
13904
14031
14030
14029
14028
14027
14026
14025
13898
13897
14024
14023
14022
14021
13894
13893
14020
14019
14146
14145
14144
14271
14398
14397
14269
14270
14143
14142
14141
14014
14013
13886
13885
13757
13756
13884
14012
14140
14268
14396
14524
14652
14780
14907
15034
15160
15286
15411
15412
15537
15664
15536
15409
15410
15408
15535
15663
15792
15793
15921
16050
16049
16048
16047
16174
16175
16176
16177
16178
16179
16308
16307
16306
16305
16304
16303
16430
16431
16432
16433
16434
16435
16436
16437
16438
16439
16440
16441
16442
16443
16444
16445
16446
16447
16448
16449
16450
16451
16452
16453
16454
16455
16456
16457
16458
16459
16460
16461
16462
16463
16464
16465
16466
16467
16468
16341
16214
16213
16340
16339
16212
16085
16084
15957
15958
15959
16086
16087
15960
15961
15962
15963
16090
16089
16088
16215
16216
16217
16344
16343
16342
16469
16470
16471
16472
16473
16474
16347
16220
16221
16222
16223
16096
15969
15970
15843
15844
15971
15972
16099
16098
16097
16224
16351
16350
16349
16348
16475
16476
16477
16478
16479
16480
16481
16482
16356
16229
16102
16228
16355
16354
16353
16352
16225
16226
16227
16100
15973
15845
15717
15716
15842
15968
16095
16094
16093
16092
16219
16346
16345
16218
16091
15964
15965
15966
15967
15840
15841
15714
15715
15588
15587
15586
15713
15712
15839
15838
15837
15836
15835
15834
15833
15832
15831
15830
15829
15828
15827
15826
15825
15824
15823
15822
15949
15948
15821
15820
15819
15818
15817
15816
15815
15814
15813
15812
15811
15810
15809
15808
15807
15806
15805
15804
15803
15802
15801
15928
15929
15930
15931
15932
15933
15934
16061
16060
16059
16058
16185
16186
16187
16188
16189
16190
16063
16062
15935
15936
15937
16064
16065
15938
15939
15940
15941
15942
15943
16070
16071
15944
15945
15946
15947
16074
16075
16076
16077
15950
15951
15952
15953
16080
16081
15954
15955
15956
16083
16082
16209
16210
16211
16338
16337
16336
16335
16208
16207
16334
16333
16206
16079
16078
16205
16332
16331
16204
16203
16330
16329
16202
16201
16328
16327
16200
16073
16072
16199
16326
16325
16198
16197
16324
16323
16196
16069
16068
16067
16066
16193
16194
16195
16322
16321
16320
16319
16192
16191
16318
16317
16316
16315
16314
16313
16312
16311
16310
16309
16180
16181
16182
16183
16184
16057
16056
16055
16054
16053
16052
16051
15922
15923
15924
15925
15798
15799
15926
15927
15800
15673
15546
15547
15674
15675
15548
15549
15676
15677
15550
15551
15678
15679
15552
15553
15680
15681
15554
15555
15682
15683
15684
15685
15686
15687
15688
15689
15690
15691
15692
15693
15566
15565
15564
15563
15562
15561
15560
15559
15558
15557
15556
15429
15428
15301
15302
15303
15430
15431
15304
15177
15178
15179
15180
15307
15306
15305
15432
15433
15434
15435
15436
15437
15438
15439
15312
15311
15310
15309
15308
15181
15182
15183
15184
15185
15186
15187
15314
15313
15440
15441
15442
15569
15568
15567
15694
15695
15696
15697
15570
15571
15698
15699
15700
15701
15702
15703
15704
15705
15706
15707
15708
15709
15582
15583
15710
15711
15584
15585
15458
15457
15456
15455
15454
15581
15580
15579
15578
15577
15576
15575
15574
15573
15572
15445
15446
15319
15318
15317
15444
15443
15316
15315
15188
15189
15190
15191
15192
15193
15320
15447
15448
15321
15194
15195
15196
15197
15324
15323
15322
15449
15450
15451
15452
15453
15326
15325
15198
15199
15200
15327
15328
15201
15202
15329
15330
15331
15332
15459
15460
15333
15334
15461
15462
15589
15590
15463
15464
15337
15338
15465
15592
15591
15718
15719
15846
15847
15848
15849
15976
15975
15974
16101
16103
16230
16357
16483
16484
16485
16358
16231
16104
15977
15850
15851
15852
15725
15724
15723
15722
15721
15720
15593
15594
15595
15596
15597
15598
15471
15472
15345
15218
15219
15220
15221
15222
15223
15350
15349
15476
15475
15348
15347
15346
15473
15474
15601
15600
15599
15726
15727
15728
15729
15602
15603
15730
15731
15604
15477
15478
15479
15352
15351
15224
15225
15226
15353
15480
15481
15354
15227
15228
15355
15482
15483
15356
15229
15230
15357
15484
15485
15486
15359
15358
15231
15232
15233
15360
15487
15488
15489
15490
15491
15492
15365
15364
15363
15362
15361
15234
15235
15236
15237
15238
15239
15366
15493
15620
15619
15618
15617
15616
15615
15614
15613
15612
15611
15610
15609
15608
15607
15606
15605
15732
15733
15734
15735
15736
15737
15738
15739
15740
15741
15742
15743
15744
15745
15746
15747
15874
15873
15872
15871
15870
15869
15868
15867
15866
15865
15864
15863
15862
15861
15860
15859
15858
15857
15856
15855
15854
15853
15980
15981
15982
15983
15984
15985
15986
15987
15988
16115
16116
15989
15990
15991
15992
15993
15994
16121
16122
15995
15996
15997
15998
15999
16000
16001
16128
16127
16254
16255
16382
16381
16380
16379
16252
16253
16126
16125
16124
16123
16250
16251
16378
16377
16376
16249
16248
16375
16374
16247
16120
16119
16118
16117
16244
16245
16246
16373
16372
16371
16370
16243
16242
16369
16368
16367
16240
16241
16114
16113
16112
16111
16110
16109
16108
16107
16106
15979
15978
16105
16232
16359
16486
16487
16488
16361
16489
16362
16360
16233
16234
16235
16236
16237
16238
16239
16366
16365
16364
16363
16490
16491
16492
16493
16494
16495
16496
16497
16498
16499
16500
16501
16502
16503
16504
16505
16506
16507
16508
16509
16510
16383
16256
16129
16002
15875
15748
15621
15494
15367
15240
15113
14986
14859
14732
14605
14478
14351
14224
14097
13970
13843
13716
13589
13462
13335
13208
13081
12954
12827
12700
12573
12446
12319
12192
12065
11938
11811
11684
11557
11430
11303
11176
11049
10922
10795
10668
10541
10414
10287
10160
10033
9906
9779
9652
9525
9398
9271
9144
9017
8890
8763
8636
8509
8382
8255
8126
7997
7868
7739
7610
7481
7352
7223
7094
6965
6836
6707
6578
6449
6320
6191
6062
5933
5804
5675
5546
5417
5288
5159
5030
4901
4772
4643
4514
4385
4256
4127
3998
3869
3740
3611
3482
3353
3224
3095
2966
2837
2708
2579
2450
2321
2192
2063
1934
1805
1676
1547
1418
1289
1160
1031
902
773
644
515
386
257
256
255
254
253
252
251
250
249
248
247
246
245
244
243
242
241
240
239
238
237
236
235
234
233
232
231
230
229
228
227
226
225
224
223
222
221
220
219
218
217
216
215
214
213
212
211
210
209
208
207
206
205
204
203
202
201
200
199
198
197
196
195
194
193
192
191
190
189
188
187
186
185
184
183
182
181
180
179
178
177
176
175
174
173
172
171
170
169
168
167
166
165
164
163
162
161
160
159
158
157
156
155
154
153
152
151
150
149
148
147
146
145
144
143
142
141
140
139
138
137
136
135
134
133
132
131
130
8128
2
3
4
5
6
7
8
9
10
11
12
13
14
15
16
17
18
19
20
21
22
23
24
25
26
27
28
29
30
31
32
33
34
35
36
37
38
39
40
41
42
43
44
45
46
47
48
49
50
51
52
53
54
55
56
57
58
59
60
61
62
63
64
65
66
67
68
69
70
71
72
73
74
75
76
77
78
79
80
81
82
83
84
85
86
87
88
89
90
91
92
93
94
95
96
97
98
99
100
101
102
103
104
105
106
107
108
109
110
111
112
113
114
115
116
117
118
119
120
121
122
123
124
125
126
127
128
129
258
387
516
645
774
903
1032
1161
1290
1419
1548
1677
1806
1935
2064
2193
2322
2451
2580
2709
2838
2967
3096
3225
3354
3483
3612
3741
3870
3999
4128
4257
4386
4515
4644
4773
4902
5031
5160
5289
5418
5547
5676
5805
5934
6063
6192
6321
6450
6579
6708
6837
6966
7095
7224
7353
7482
7611
7740
7869
7998
8127
8256
8383
8510
8637
8764
8891
9018
9145
9272
9399
9526
9653
9780
9907
10034
10161
10288
10415
10542
10669
10796
10923
11050
11177
11304
11431
11558
11685
11812
11939
12066
12193
12320
12447
12574
12701
12828
12955
13082
13209
13336
13463
13590
13717
13844
13971
14098
14225
14352
14479
14606
14733
14860
14987
15114
15241
15368
15495
15622
15749
15876
16003
16130
16257
16384
16511
-1
EOF
